0.001000	0.000000
0.003000	0.000000
0.005000	0.640000
0.007000	1.792000
0.009000	3.174399
0.011000	4.556799
0.013000	5.800511
0.015000	6.843996
0.017000	7.676690
0.019000	8.316253
0.021000	8.792679
0.023000	9.138652
0.025000	9.384426
0.027000	9.555630
0.029000	9.672758
0.031000	9.751534
0.033000	9.803641
0.035000	9.837536
0.037000	9.859203
0.039000	9.872800
0.041000	9.881157
0.043000	9.886172
0.045000	9.889095
0.047000	9.890737
0.049000	9.891611
0.051000	9.892040
0.053000	9.892221
0.055000	9.892271
0.057000	9.892258
0.059000	9.892218
0.061000	9.892172
0.063000	9.892129
0.065000	9.892093
0.067000	9.892064
0.069000	9.892042
0.071000	9.892026
0.073000	9.892015
0.075000	9.892007
0.077000	9.892001
0.079000	9.891997
0.081000	9.891994
0.083000	9.891993
0.085000	9.891992
0.087000	9.891991
0.089000	9.891991
0.091000	9.891991
0.093000	9.891991
0.095000	9.891991
0.097000	9.891991
0.099000	9.891991
0.101000	9.891991
0.103000	9.891991
0.105000	9.891991
0.107000	9.891991
0.109000	9.891991
0.111000	9.891991
0.113000	9.891991
0.115000	9.891991
0.117000	9.891991
0.119000	9.891991
0.121000	9.891991
0.123000	9.891991
0.125000	9.891991
0.127000	9.891991
0.129000	9.891991
0.131000	9.891991
0.133000	9.891991
0.135000	9.891991
0.137000	9.891991
0.139000	9.891991
0.141000	9.891991
0.143000	9.891991
0.145000	9.891991
0.147000	9.891991
0.149000	9.891991
0.151000	9.891991
0.153000	9.891991
0.155000	9.891991
0.157000	9.891991
0.159000	9.891991
0.161000	9.891991
0.163000	9.891991
0.165000	9.891991
0.167000	9.891991
0.169000	9.891991
0.171000	9.891991
0.173000	9.891991
0.175000	9.891991
0.177000	9.891991
0.179000	9.891991
0.181000	9.891991
0.183000	9.891991
0.185000	9.891991
0.187000	9.891991
0.189000	9.891991
0.191000	9.891991
0.193000	9.891991
0.195000	9.891991
0.197000	9.891991
0.199000	9.891991
0.201000	9.891991
0.203000	9.891991
0.205000	9.891991
0.207000	9.891991
0.209000	9.891991
0.211000	9.891991
0.213000	9.891991
0.215000	9.891991
0.217000	9.891991
0.219000	9.891991
0.221000	9.891991
0.223000	9.891991
0.225000	9.891991
0.227000	9.891991
0.229000	9.891991
0.231000	9.891991
0.233000	9.891991
0.235000	9.891991
0.237000	9.891991
0.239000	9.891991
0.241000	9.891991
0.243000	9.891991
0.245000	9.891991
0.247000	9.891991
0.249000	9.891991
0.251000	9.891991
0.253000	9.891991
0.255000	9.891991
0.257000	9.891991
0.259000	9.891991
0.261000	9.891991
0.263000	9.891991
0.265000	9.891991
0.267000	9.891991
0.269000	9.891991
0.271000	9.891991
0.273000	9.891991
0.275000	9.891991
0.277000	9.891991
0.279000	9.891991
0.281000	9.891991
0.283000	9.891991
0.285000	9.891991
0.287000	9.891991
0.289000	9.891991
0.291000	9.891991
0.293000	9.891991
0.295000	9.891991
0.297000	9.891991
0.299000	9.891991
0.301000	9.891991
0.303000	9.891991
0.305000	9.891991
0.307000	9.891991
0.309000	9.891991
0.311000	9.891991
0.313000	9.891991
0.314999	9.891991
0.316999	9.891991
0.318999	9.891991
0.320999	9.891991
0.322999	9.891991
0.324999	9.891991
0.326999	9.891991
0.328999	9.891991
0.330999	9.891991
0.332999	9.891991
0.334999	9.891991
0.336999	9.891991
0.338999	9.891991
0.340999	9.891991
0.342999	9.891991
0.344999	9.891991
0.346999	9.891991
0.348999	9.891991
0.350999	9.891991
0.352999	9.891991
0.354999	9.891991
0.356999	9.891991
0.358999	9.891991
0.360999	9.891991
0.362999	9.891991
0.364999	9.891991
0.366999	9.891991
0.368999	9.891991
0.370999	9.891991
0.372999	9.891991
0.374999	9.891991
0.376999	9.891991
0.378999	9.891991
0.380999	9.891991
0.382999	9.891991
0.384999	9.891991
0.386999	9.891991
0.388999	9.891991
0.390999	9.891991
0.392998	9.891991
0.394998	9.891991
0.396998	9.891991
0.398998	9.891991
0.400998	9.891991
0.402998	9.891991
0.404998	9.891991
0.406998	9.891991
0.408998	9.891991
0.410998	9.891991
0.412998	9.891991
0.414998	9.891991
0.416998	9.891991
0.418998	9.891991
0.420998	9.891991
0.422998	9.891991
0.424998	9.891991
0.426998	9.891991
0.428998	9.891991
0.430998	9.891991
0.432998	9.891991
0.434998	9.891991
0.436998	9.891991
0.438998	9.891991
0.440998	9.891991
0.442998	9.891991
0.444998	9.891991
0.446998	9.891991
0.448998	9.891991
0.450998	9.891991
0.452998	9.891991
0.454998	9.891991
0.456998	9.891991
0.458998	9.891991
0.460998	9.891991
0.462998	9.891991
0.464998	9.891991
0.466998	9.891991
0.468998	9.891991
0.470997	9.891991
0.472997	9.891991
0.474997	9.891991
0.476997	9.891991
0.478997	9.891991
0.480997	9.891991
0.482997	9.891991
0.484997	9.891991
0.486997	9.891991
0.488997	9.891991
0.490997	9.891991
0.492997	9.891991
0.494997	9.891991
0.496997	9.891991
0.498997	9.891991
0.500997	9.891991
0.502997	9.891991
0.504997	9.891991
0.506997	9.891991
0.508997	9.891991
0.510997	9.891991
0.512997	9.891991
0.514997	9.891991
0.516997	9.891991
0.518997	9.891991
0.520997	9.891991
0.522997	9.891991
0.524997	9.891991
0.526997	9.891991
0.528997	9.891991
0.530997	9.891991
0.532997	9.891991
0.534997	9.891991
0.536997	9.891991
0.538997	9.891991
0.540997	9.891991
0.542997	9.891991
0.544997	9.891991
0.546997	9.891991
0.548997	9.891991
0.550996	9.891991
0.552996	9.891991
0.554996	9.891991
0.556996	9.891991
0.558996	9.891991
0.560996	9.891991
0.562996	9.891991
0.564996	9.891991
0.566996	9.891991
0.568996	9.891991
0.570996	9.891991
0.572996	9.891991
0.574996	9.891991
0.576996	9.891991
0.578996	9.891991
0.580996	9.891991
0.582996	9.891991
0.584996	9.891991
0.586996	9.891991
0.588996	9.891991
0.590996	9.891991
0.592996	9.891991
0.594996	9.891991
0.596996	9.891991
0.598996	9.891991
0.600996	9.891991
0.602996	9.891991
0.604996	9.891991
0.606996	9.891991
0.608996	9.891991
0.610996	9.891991
0.612996	9.891991
0.614996	9.891991
0.616996	9.891991
0.618996	9.891991
0.620996	9.891991
0.622996	9.891991
0.624996	9.891991
0.626996	9.891991
0.628995	9.891991
0.630995	9.891991
0.632995	9.891991
0.634995	9.891991
0.636995	9.891991
0.638995	9.891991
0.640995	9.891991
0.642995	9.891991
0.644995	9.891991
0.646995	9.891991
0.648995	9.891991
0.650995	9.891991
0.652995	9.891991
0.654995	9.891991
0.656995	9.891991
0.658995	9.891991
0.660995	9.891991
0.662995	9.891991
0.664995	9.891991
0.666995	9.891991
0.668995	9.891991
0.670995	9.891991
0.672995	9.891991
0.674995	9.891991
0.676995	9.891991
0.678995	9.891991
0.680995	9.891991
0.682995	9.891991
0.684995	9.891991
0.686995	9.891991
0.688995	9.891991
0.690995	9.891991
0.692995	9.891991
0.694995	9.891991
0.696995	9.891991
0.698995	9.891991
0.700995	9.891991
0.702995	9.891991
0.704994	9.891991
0.706994	9.891991
0.708994	9.891991
0.710994	9.891991
0.712994	9.891991
0.714994	9.891991
0.716994	9.891991
0.718994	9.891991
0.720994	9.891991
0.722994	9.891991
0.724994	9.891991
0.726994	9.891991
0.728994	9.891991
0.730994	9.891991
0.732994	9.891991
0.734994	9.891991
0.736994	9.891991
0.738994	9.891991
0.740994	9.891991
0.742994	9.891991
0.744994	9.891991
0.746994	9.891991
0.748994	9.891991
0.750994	9.891991
0.752994	9.891991
0.754994	9.891991
0.756994	9.891991
0.758994	9.891991
0.760994	9.891991
0.762994	9.891991
0.764994	9.891991
0.766994	9.891991
0.768994	9.891991
0.770994	9.891991
0.772994	9.891991
0.774994	9.891991
0.776994	9.891991
0.778994	9.891991
0.780994	9.891991
0.782993	9.891991
0.784993	9.891991
0.786993	9.891991
0.788993	9.891991
0.790993	9.891991
0.792993	9.891991
0.794993	9.891991
0.796993	9.891991
0.798993	9.891991
0.800993	9.891991
0.802993	9.891991
0.804993	9.891991
0.806993	9.891991
0.808993	9.891991
0.810993	9.891991
0.812993	9.891991
0.814993	9.891991
0.816993	9.891991
0.818993	9.891991
0.820993	9.891991
0.822993	9.891991
0.824993	9.891991
0.826993	9.891991
0.828993	9.891991
0.830993	9.891991
0.832993	9.891991
0.834993	9.891991
0.836993	9.891991
0.838993	9.891991
0.840993	9.891991
0.842993	9.891991
0.844993	9.891991
0.846993	9.891991
0.848993	9.891991
0.850993	9.891991
0.852993	9.891991
0.854993	9.891991
0.856993	9.891991
0.858993	9.891991
0.860992	9.891991
0.862992	9.891991
0.864992	9.891991
0.866992	9.891991
0.868992	9.891991
0.870992	9.891991
0.872992	9.891991
0.874992	9.891991
0.876992	9.891991
0.878992	9.891991
0.880992	9.891991
0.882992	9.891991
0.884992	9.891991
0.886992	9.891991
0.888992	9.891991
0.890992	9.891991
0.892992	9.891991
0.894992	9.891991
0.896992	9.891991
0.898992	9.891991
0.900992	9.891991
0.902992	9.891991
0.904992	9.891991
0.906992	9.891991
0.908992	9.891991
0.910992	9.891991
0.912992	9.891991
0.914992	9.891991
0.916992	9.891991
0.918992	9.891991
0.920992	9.891991
0.922992	9.891991
0.924992	9.891991
0.926992	9.891991
0.928992	9.891991
0.930992	9.891991
0.932992	9.891991
0.934992	9.891991
0.936992	9.891991
0.938991	9.891991
0.940991	9.891991
0.942991	9.891991
0.944991	9.891991
0.946991	9.891991
0.948991	9.891991
0.950991	9.891991
0.952991	9.891991
0.954991	9.891991
0.956991	9.891991
0.958991	9.891991
0.960991	9.891991
0.962991	9.891991
0.964991	9.891991
0.966991	9.891991
0.968991	9.891991
0.970991	9.891991
0.972991	9.891991
0.974991	9.891991
0.976991	9.891991
0.978991	9.891991
0.980991	9.891991
0.982991	9.891991
0.984991	9.891991
0.986991	9.891991
0.988991	9.891991
0.990991	9.891991
0.992991	9.891991
0.994991	9.891991
0.996991	9.891991
0.998991	9.891991
1.000991	9.891991
1.002991	9.891991
1.004991	9.891991
1.006991	9.891991
1.008991	9.891991
1.010991	9.891991
1.012991	9.891991
1.014991	9.891991
1.016991	9.891991
1.018992	9.891991
1.020992	9.891991
1.022992	9.891991
1.024992	9.891991
1.026992	9.891991
1.028992	9.891991
1.030992	9.891991
1.032992	9.891991
1.034992	9.891991
1.036992	9.891991
1.038993	9.891991
1.040993	9.891991
1.042993	9.891991
1.044993	9.891991
1.046993	9.891991
1.048993	9.891991
1.050993	9.891991
1.052993	9.891991
1.054993	9.891991
1.056993	9.891991
1.058993	9.891991
1.060994	9.891991
1.062994	9.891991
1.064994	9.891991
1.066994	9.891991
1.068994	9.891991
1.070994	9.891991
1.072994	9.891991
1.074994	9.891991
1.076994	9.891991
1.078994	9.891991
1.080994	9.891991
1.082995	9.891991
1.084995	9.891991
1.086995	9.891991
1.088995	9.891991
1.090995	9.891991
1.092995	9.891991
1.094995	9.891991
1.096995	9.891991
1.098995	9.891991
1.100995	9.891991
1.102996	9.891991
1.104996	9.891991
1.106996	9.891991
1.108996	9.891991
1.110996	9.891991
1.112996	9.891991
1.114996	9.891991
1.116996	9.891991
1.118996	9.891991
1.120996	9.891991
1.122996	9.891991
1.124997	9.891991
1.126997	9.891991
1.128997	9.891991
1.130997	9.891991
1.132997	9.891991
1.134997	9.891991
1.136997	9.891991
1.138997	9.891991
1.140997	9.891991
1.142997	9.891991
1.144997	9.891991
1.146998	9.891991
1.148998	9.891991
1.150998	9.891991
1.152998	9.891991
1.154998	9.891991
1.156998	9.891991
1.158998	9.891991
1.160998	9.891991
1.162998	9.891991
1.164998	9.891991
1.166999	9.891991
1.168999	9.891991
1.170999	9.891991
1.172999	9.891991
1.174999	9.891991
1.176999	9.891991
1.178999	9.891991
1.180999	9.891991
1.182999	9.891991
1.184999	9.891991
1.186999	9.891991
1.189000	9.891991
1.191000	9.891991
1.193000	9.891991
1.195000	9.891991
1.197000	9.891991
1.199000	9.891991
1.201000	9.891991
1.203000	9.891991
1.205000	9.891991
1.207000	9.891991
1.209000	9.891991
1.211001	9.891991
1.213001	9.891991
1.215001	9.891991
1.217001	9.891991
1.219001	9.891991
1.221001	9.891991
1.223001	9.891991
1.225001	9.891991
1.227001	9.891991
1.229001	9.891991
1.231001	9.891991
1.233002	9.891991
1.235002	9.891991
1.237002	9.891991
1.239002	9.891991
1.241002	9.891991
1.243002	9.891991
1.245002	9.891991
1.247002	9.891991
1.249002	9.891991
1.251002	9.891991
1.253003	9.891991
1.255003	9.891991
1.257003	9.891991
1.259003	9.891991
1.261003	9.891991
1.263003	9.891991
1.265003	9.891991
1.267003	9.891991
1.269003	9.891991
1.271003	9.891991
1.273003	9.891991
1.275004	9.891991
1.277004	9.891991
1.279004	9.891991
1.281004	9.891991
1.283004	9.891991
1.285004	9.891991
1.287004	9.891991
1.289004	9.891991
1.291004	9.891991
1.293004	9.891991
1.295004	9.891991
1.297005	9.891991
1.299005	9.891991
1.301005	9.891991
1.303005	9.891991
1.305005	9.891991
1.307005	9.891991
1.309005	9.891991
1.311005	9.891991
1.313005	9.891991
1.315005	9.891991
1.317006	9.891991
1.319006	9.891991
1.321006	9.891991
1.323006	9.891991
1.325006	9.891991
1.327006	9.891991
1.329006	9.891991
1.331006	9.891991
1.333006	9.891991
1.335006	9.891991
1.337006	9.891991
1.339007	9.891991
1.341007	9.891991
1.343007	9.891991
1.345007	9.891991
1.347007	9.891991
1.349007	9.891991
1.351007	9.891991
1.353007	9.891991
1.355007	9.891991
1.357007	9.891991
1.359007	9.891991
1.361008	9.891991
1.363008	9.891991
1.365008	9.891991
1.367008	9.891991
1.369008	9.891991
1.371008	9.891991
1.373008	9.891991
1.375008	9.891991
1.377008	9.891991
1.379008	9.891991
1.381009	9.891991
1.383009	9.891991
1.385009	9.891991
1.387009	9.891991
1.389009	9.891991
1.391009	9.891991
1.393009	9.891991
1.395009	9.891991
1.397009	9.891991
1.399009	9.891991
1.401009	9.891991
1.403010	9.891991
1.405010	9.891991
1.407010	9.891991
1.409010	9.891991
1.411010	9.891991
1.413010	9.891991
1.415010	9.891991
1.417010	9.891991
1.419010	9.891991
1.421010	9.891991
1.423010	9.891991
1.425011	9.891991
1.427011	9.891991
1.429011	9.891991
1.431011	9.891991
1.433011	9.891991
1.435011	9.891991
1.437011	9.891991
1.439011	9.891991
1.441011	9.891991
1.443011	9.891991
1.445011	9.891991
1.447012	9.891991
1.449012	9.891991
1.451012	9.891991
1.453012	9.891991
1.455012	9.891991
1.457012	9.891991
1.459012	9.891991
1.461012	9.891991
1.463012	9.891991
1.465012	9.891991
1.467013	9.891991
1.469013	9.891991
1.471013	9.891991
1.473013	9.891991
1.475013	9.891991
1.477013	9.891991
1.479013	9.891991
1.481013	9.891991
1.483013	9.891991
1.485013	9.891991
1.487013	9.891991
1.489014	9.891991
1.491014	9.891991
1.493014	9.891991
1.495014	9.891991
1.497014	9.891991
1.499014	9.891991
1.501014	9.891991
1.503014	9.891991
1.505014	9.891991
1.507014	9.891991
1.509014	9.891991
1.511015	9.891991
1.513015	9.891991
1.515015	9.891991
1.517015	9.891991
1.519015	9.891991
1.521015	9.891991
1.523015	9.891991
1.525015	9.891991
1.527015	9.891991
1.529015	9.891991
1.531016	9.891991
1.533016	9.891991
1.535016	9.891991
1.537016	9.891991
1.539016	9.891991
1.541016	9.891991
1.543016	9.891991
1.545016	9.891991
1.547016	9.891991
1.549016	9.891991
1.551016	9.891991
1.553017	9.891991
1.555017	9.891991
1.557017	9.891991
1.559017	9.891991
1.561017	9.891991
1.563017	9.891991
1.565017	9.891991
1.567017	9.891991
1.569017	9.891991
1.571017	9.891991
1.573017	9.891991
1.575018	9.891991
1.577018	9.891991
1.579018	9.891991
1.581018	9.891991
1.583018	9.891991
1.585018	9.891991
1.587018	9.891991
1.589018	9.891991
1.591018	9.891991
1.593018	9.891991
1.595019	9.891991
1.597019	9.891991
1.599019	9.891991
1.601019	9.891991
1.603019	9.891991
1.605019	9.891991
1.607019	9.891991
1.609019	9.891991
1.611019	9.891991
1.613019	9.891991
1.615019	9.891991
1.617020	9.891991
1.619020	9.891991
1.621020	9.891991
1.623020	9.891991
1.625020	9.891991
1.627020	9.891991
1.629020	9.891991
1.631020	9.891991
1.633020	9.891991
1.635020	9.891991
1.637020	9.891991
1.639021	9.891991
1.641021	9.891991
1.643021	9.891991
1.645021	9.891991
1.647021	9.891991
1.649021	9.891991
1.651021	9.891991
1.653021	9.891991
1.655021	9.891991
1.657021	9.891991
1.659021	9.891991
1.661022	9.891991
1.663022	9.891991
1.665022	9.891991
1.667022	9.891991
1.669022	9.891991
1.671022	9.891991
1.673022	9.891991
1.675022	9.891991
1.677022	9.891991
1.679022	9.891991
1.681023	9.891991
1.683023	9.891991
1.685023	9.891991
1.687023	9.891991
1.689023	9.891991
1.691023	9.891991
1.693023	9.891991
1.695023	9.891991
1.697023	9.891991
1.699023	9.891991
1.701023	9.891991
1.703024	9.891991
1.705024	9.891991
1.707024	9.891991
1.709024	9.891991
1.711024	9.891991
1.713024	9.891991
1.715024	9.891991
1.717024	9.891991
1.719024	9.891991
1.721024	9.891991
1.723024	9.891991
1.725025	9.891991
1.727025	9.891991
1.729025	9.891991
1.731025	9.891991
1.733025	9.891991
1.735025	9.891991
1.737025	9.891991
1.739025	9.891991
1.741025	9.891991
1.743025	9.891991
1.745026	9.891991
1.747026	9.891991
1.749026	9.891991
1.751026	9.891991
1.753026	9.891991
1.755026	9.891991
1.757026	9.891991
1.759026	9.891991
1.761026	9.891991
1.763026	9.891991
1.765026	9.891991
1.767027	9.891991
1.769027	9.891991
1.771027	9.891991
1.773027	9.891991
1.775027	9.891991
1.777027	9.891991
1.779027	9.891991
1.781027	9.891991
1.783027	9.891991
1.785027	9.891991
1.787027	9.891991
1.789028	9.891991
1.791028	9.891991
1.793028	9.891991
1.795028	9.891991
1.797028	9.891991
1.799028	9.891991
1.801028	9.891991
1.803028	9.891991
1.805028	9.891991
1.807028	9.891991
1.809029	9.891991
1.811029	9.891991
1.813029	9.891991
1.815029	9.891991
1.817029	9.891991
1.819029	9.891991
1.821029	9.891991
1.823029	9.891991
1.825029	9.891991
1.827029	9.891991
1.829029	9.891991
1.831030	9.891991
1.833030	9.891991
1.835030	9.891991
1.837030	9.891991
1.839030	9.891991
1.841030	9.891991
1.843030	9.891991
1.845030	9.891991
1.847030	9.891991
1.849030	9.891991
1.851030	9.891991
1.853031	9.891991
1.855031	9.891991
1.857031	9.891991
1.859031	9.891991
1.861031	9.891991
1.863031	9.891991
1.865031	9.891991
1.867031	9.891991
1.869031	9.891991
1.871031	9.891991
1.873031	9.891991
1.875032	9.891991
1.877032	9.891991
1.879032	9.891991
1.881032	9.891991
1.883032	9.891991
1.885032	9.891991
1.887032	9.891991
1.889032	9.891991
1.891032	9.891991
1.893032	9.891991
1.895033	9.891991
1.897033	9.891991
1.899033	9.891991
1.901033	9.891991
1.903033	9.891991
1.905033	9.891991
1.907033	9.891991
1.909033	9.891991
1.911033	9.891991
1.913033	9.891991
1.915033	9.891991
1.917034	9.891991
1.919034	9.891991
1.921034	9.891991
1.923034	9.891991
1.925034	9.891991
1.927034	9.891991
1.929034	9.891991
1.931034	9.891991
1.933034	9.891991
1.935034	9.891991
1.937034	9.891991
1.939035	9.891991
1.941035	9.891991
1.943035	9.891991
1.945035	9.891991
1.947035	9.891991
1.949035	9.891991
1.951035	9.891991
1.953035	9.891991
1.955035	9.891991
1.957035	9.891991
1.959036	9.891991
1.961036	9.891991
1.963036	9.891991
1.965036	9.891991
1.967036	9.891991
1.969036	9.891991
1.971036	9.891991
1.973036	9.891991
1.975036	9.891991
1.977036	9.891991
1.979036	9.891991
1.981037	9.891991
1.983037	9.891991
1.985037	9.891991
1.987037	9.891991
1.989037	9.891991
1.991037	9.891991
1.993037	9.891991
1.995037	9.891991
1.997037	9.891991
1.999037	9.891991
2.001037	9.891991
2.003037	9.891991
2.005037	9.891991
2.007037	9.891991
2.009037	9.891991
2.011037	9.891991
2.013036	9.891991
2.015036	9.891991
2.017036	9.891991
2.019036	9.891991
2.021036	9.891991
2.023036	9.891991
2.025036	9.891991
2.027035	9.891991
2.029035	9.891991
2.031035	9.891991
2.033035	9.891991
2.035035	9.891991
2.037035	9.891991
2.039035	9.891991
2.041034	9.891991
2.043034	9.891991
2.045034	9.891991
2.047034	9.891991
2.049034	9.891991
2.051034	9.891991
2.053034	9.891991
2.055033	9.891991
2.057033	9.891991
2.059033	9.891991
2.061033	9.891991
2.063033	9.891991
2.065033	9.891991
2.067033	9.891991
2.069032	9.891991
2.071032	9.891991
2.073032	9.891991
2.075032	9.891991
2.077032	9.891991
2.079032	9.891991
2.081032	9.891991
2.083031	9.891991
2.085031	9.891991
2.087031	9.891991
2.089031	9.891991
2.091031	9.891991
2.093031	9.891991
2.095031	9.891991
2.097030	9.891991
2.099030	9.891991
2.101030	9.891991
2.103030	9.891991
2.105030	9.891991
2.107030	9.891991
2.109030	9.891991
2.111029	9.891991
2.113029	9.891991
2.115029	9.891991
2.117029	9.891991
2.119029	9.891991
2.121029	9.891991
2.123029	9.891991
2.125028	9.891991
2.127028	9.891991
2.129028	9.891991
2.131028	9.891991
2.133028	9.891991
2.135028	9.891991
2.137028	9.891991
2.139027	9.891991
2.141027	9.891991
2.143027	9.891991
2.145027	9.891991
2.147027	9.891991
2.149027	9.891991
2.151026	9.891991
2.153026	9.891991
2.155026	9.891991
2.157026	9.891991
2.159026	9.891991
2.161026	9.891991
2.163026	9.891991
2.165025	9.891991
2.167025	9.891991
2.169025	9.891991
2.171025	9.891991
2.173025	9.891991
2.175025	9.891991
2.177025	9.891991
2.179024	9.891991
2.181024	9.891991
2.183024	9.891991
2.185024	9.891991
2.187024	9.891991
2.189024	9.891991
2.191024	9.891991
2.193023	9.891991
2.195023	9.891991
2.197023	9.891991
2.199023	9.891991
2.201023	9.891991
2.203023	9.891991
2.205023	9.891991
2.207022	9.891991
2.209022	9.891991
2.211022	9.891991
2.213022	9.891991
2.215022	9.891991
2.217022	9.891991
2.219022	9.891991
2.221021	9.891991
2.223021	9.891991
2.225021	9.891991
2.227021	9.891991
2.229021	9.891991
2.231021	9.891991
2.233021	9.891991
2.235020	9.891991
2.237020	9.891991
2.239020	9.891991
2.241020	9.891991
2.243020	9.891991
2.245020	9.891991
2.247020	9.891991
2.249019	9.891991
2.251019	9.891991
2.253019	9.891991
2.255019	9.891991
2.257019	9.891991
2.259019	9.891991
2.261019	9.891991
2.263018	9.891991
2.265018	9.891991
2.267018	9.891991
2.269018	9.891991
2.271018	9.891991
2.273018	9.891991
2.275017	9.891991
2.277017	9.891991
2.279017	9.891991
2.281017	9.891991
2.283017	9.891991
2.285017	9.891991
2.287017	9.891991
2.289016	9.891991
2.291016	9.891991
2.293016	9.891991
2.295016	9.891991
2.297016	9.891991
2.299016	9.891991
2.301016	9.891991
2.303015	9.891991
2.305015	9.891991
2.307015	9.891991
2.309015	9.891991
2.311015	9.891991
2.313015	9.891991
2.315015	9.891991
2.317014	9.891991
2.319014	9.891991
2.321014	9.891991
2.323014	9.891991
2.325014	9.891991
2.327014	9.891991
2.329014	9.891991
2.331013	9.891991
2.333013	9.891991
2.335013	9.891991
2.337013	9.891991
2.339013	9.891991
2.341013	9.891991
2.343013	9.891991
2.345012	9.891991
2.347012	9.891991
2.349012	9.891991
2.351012	9.891991
2.353012	9.891991
2.355012	9.891991
2.357012	9.891991
2.359011	9.891991
2.361011	9.891991
2.363011	9.891991
2.365011	9.891991
2.367011	9.891991
2.369011	9.891991
2.371011	9.891991
2.373010	9.891991
2.375010	9.891991
2.377010	9.891991
2.379010	9.891991
2.381010	9.891991
2.383010	9.891991
2.385010	9.891991
2.387009	9.891991
2.389009	9.891991
2.391009	9.891991
2.393009	9.891991
2.395009	9.891991
2.397009	9.891991
2.399009	9.891991
2.401008	9.891991
2.403008	9.891991
2.405008	9.891991
2.407008	9.891991
2.409008	9.891991
2.411008	9.891991
2.413007	9.891991
2.415007	9.891991
2.417007	9.891991
2.419007	9.891991
2.421007	9.891991
2.423007	9.891991
2.425007	9.891991
2.427006	9.891991
2.429006	9.891991
2.431006	9.891991
2.433006	9.891991
2.435006	9.891991
2.437006	9.891991
2.439006	9.891991
2.441005	9.891991
2.443005	9.891991
2.445005	9.891991
2.447005	9.891991
2.449005	9.891991
2.451005	9.891991
2.453005	9.891991
2.455004	9.891991
2.457004	9.891991
2.459004	9.891991
2.461004	9.891991
2.463004	9.891991
2.465004	9.891991
2.467004	9.891991
2.469003	9.891991
2.471003	9.891991
2.473003	9.891991
2.475003	9.891991
2.477003	9.891991
2.479003	9.891991
2.481003	9.891991
2.483002	9.891991
2.485002	9.891991
2.487002	9.891991
2.489002	9.891991
2.491002	9.891991
2.493002	9.891991
2.495002	9.891991
2.497001	9.891991
2.499001	9.891991
2.501001	9.891991
2.503001	9.891991
2.505001	9.891991
2.507001	9.891991
2.509001	9.891991
2.511000	9.891991
2.513000	9.891991
2.515000	9.891991
2.517000	9.891991
2.519000	9.891991
2.521000	9.891991
2.523000	9.891991
2.524999	9.891991
2.526999	9.891991
2.528999	9.891991
2.530999	9.891991
2.532999	9.891991
2.534999	9.891991
2.536999	9.891991
2.538998	9.891991
2.540998	9.891991
2.542998	9.891991
2.544998	9.891991
2.546998	9.891991
2.548998	9.891991
2.550997	9.891991
2.552997	9.891991
2.554997	9.891991
2.556997	9.891991
2.558997	9.891991
2.560997	9.891991
2.562997	9.891991
2.564996	9.891991
2.566996	9.891991
2.568996	9.891991
2.570996	9.891991
2.572996	9.891991
2.574996	9.891991
2.576996	9.891991
2.578995	9.891991
2.580995	9.891991
2.582995	9.891991
2.584995	9.891991
2.586995	9.891991
2.588995	9.891991
2.590995	9.891991
2.592994	9.891991
2.594994	9.891991
2.596994	9.891991
2.598994	9.891991
2.600994	9.891991
2.602994	9.891991
2.604994	9.891991
2.606993	9.891991
2.608993	9.891991
2.610993	9.891991
2.612993	9.891991
2.614993	9.891991
2.616993	9.891991
2.618993	9.891991
2.620992	9.891991
2.622992	9.891991
2.624992	9.891991
2.626992	9.891991
2.628992	9.891991
2.630992	9.891991
2.632992	9.891991
2.634991	9.891991
2.636991	9.891991
2.638991	9.891991
2.640991	9.891991
2.642991	9.891991
2.644991	9.891991
2.646991	9.891991
2.648990	9.891991
2.650990	9.891991
2.652990	9.891991
2.654990	9.891991
2.656990	9.891991
2.658990	9.891991
2.660990	9.891991
2.662989	9.891991
2.664989	9.891991
2.666989	9.891991
2.668989	9.891991
2.670989	9.891991
2.672989	9.891991
2.674989	9.891991
2.676988	9.891991
2.678988	9.891991
2.680988	9.891991
2.682988	9.891991
2.684988	9.891991
2.686988	9.891991
2.688987	9.891991
2.690987	9.891991
2.692987	9.891991
2.694987	9.891991
2.696987	9.891991
2.698987	9.891991
2.700987	9.891991
2.702986	9.891991
2.704986	9.891991
2.706986	9.891991
2.708986	9.891991
2.710986	9.891991
2.712986	9.891991
2.714986	9.891991
2.716985	9.891991
2.718985	9.891991
2.720985	9.891991
2.722985	9.891991
2.724985	9.891991
2.726985	9.891991
2.728985	9.891991
2.730984	9.891991
2.732984	9.891991
2.734984	9.891991
2.736984	9.891991
2.738984	9.891991
2.740984	9.891991
2.742984	9.891991
2.744983	9.891991
2.746983	9.891991
2.748983	9.891991
2.750983	9.891991
2.752983	9.891991
2.754983	9.891991
2.756983	9.891991
2.758982	9.891991
2.760982	9.891991
2.762982	9.891991
2.764982	9.891991
2.766982	9.891991
2.768982	9.891991
2.770982	9.891991
2.772981	9.891991
2.774981	9.891991
2.776981	9.891991
2.778981	9.891991
2.780981	9.891991
2.782981	9.891991
2.784981	9.891991
2.786980	9.891991
2.788980	9.891991
2.790980	9.891991
2.792980	9.891991
2.794980	9.891991
2.796980	9.891991
2.798980	9.891991
2.800979	9.891991
2.802979	9.891991
2.804979	9.891991
2.806979	9.891991
2.808979	9.891991
2.810979	9.891991
2.812979	9.891991
2.814978	9.891991
2.816978	9.891991
2.818978	9.891991
2.820978	9.891991
2.822978	9.891991
2.824978	9.891991
2.826977	9.891991
2.828977	9.891991
2.830977	9.891991
2.832977	9.891991
2.834977	9.891991
2.836977	9.891991
2.838977	9.891991
2.840976	9.891991
2.842976	9.891991
2.844976	9.891991
2.846976	9.891991
2.848976	9.891991
2.850976	9.891991
2.852976	9.891991
2.854975	9.891991
2.856975	9.891991
2.858975	9.891991
2.860975	9.891991
2.862975	9.891991
2.864975	9.891991
2.866975	9.891991
2.868974	9.891991
2.870974	9.891991
2.872974	9.891991
2.874974	9.891991
2.876974	9.891991
2.878974	9.891991
2.880974	9.891991
2.882973	9.891991
2.884973	9.891991
2.886973	9.891991
2.888973	9.891991
2.890973	9.891991
2.892973	9.891991
2.894973	9.891991
2.896972	9.891991
2.898972	9.891991
2.900972	9.891991
2.902972	9.891991
2.904972	9.891991
2.906972	9.891991
2.908972	9.891991
2.910971	9.891991
2.912971	9.891991
2.914971	9.891991
2.916971	9.891991
2.918971	9.891991
2.920971	9.891991
2.922971	9.891991
2.924970	9.891991
2.926970	9.891991
2.928970	9.891991
2.930970	9.891991
2.932970	9.891991
2.934970	9.891991
2.936970	9.891991
2.938969	9.891991
2.940969	9.891991
2.942969	9.891991
2.944969	9.891991
2.946969	9.891991
2.948969	9.891991
2.950969	9.891991
2.952968	9.891991
2.954968	9.891991
2.956968	9.891991
2.958968	9.891991
2.960968	9.891991
2.962968	9.891991
2.964967	9.891991
2.966967	9.891991
2.968967	9.891991
2.970967	9.891991
2.972967	9.891991
2.974967	9.891991
2.976967	9.891991
2.978966	9.891991
2.980966	9.891991
2.982966	9.891991
2.984966	9.891991
2.986966	9.891991
2.988966	9.891991
2.990966	9.891991
2.992965	9.891991
2.994965	9.891991
2.996965	9.891991
2.998965	9.891991
3.000965	9.891991
3.002965	9.891991
3.004965	9.891991
3.006964	9.891991
3.008964	9.891991
3.010964	9.891991
3.012964	9.891991
3.014964	9.891991
3.016964	9.891991
3.018964	9.891991
3.020963	9.891991
3.022963	9.891991
3.024963	9.891991
3.026963	9.891991
3.028963	9.891991
3.030963	9.891991
3.032963	9.891991
3.034962	9.891991
3.036962	9.891991
3.038962	9.891991
3.040962	9.891991
3.042962	9.891991
3.044962	9.891991
3.046962	9.891991
3.048961	9.891991
3.050961	9.891991
3.052961	9.891991
3.054961	9.891991
3.056961	9.891991
3.058961	9.891991
3.060961	9.891991
3.062960	9.891991
3.064960	9.891991
3.066960	9.891991
3.068960	9.891991
3.070960	9.891991
3.072960	9.891991
3.074960	9.891991
3.076959	9.891991
3.078959	9.891991
3.080959	9.891991
3.082959	9.891991
3.084959	9.891991
3.086959	9.891991
3.088959	9.891991
3.090958	9.891991
3.092958	9.891991
3.094958	9.891991
3.096958	9.891991
3.098958	9.891991
3.100958	9.891991
3.102957	9.891991
3.104957	9.891991
3.106957	9.891991
3.108957	9.891991
3.110957	9.891991
3.112957	9.891991
3.114957	9.891991
3.116956	9.891991
3.118956	9.891991
3.120956	9.891991
3.122956	9.891991
3.124956	9.891991
3.126956	9.891991
3.128956	9.891991
3.130955	9.891991
3.132955	9.891991
3.134955	9.891991
3.136955	9.891991
3.138955	9.891991
3.140955	9.891991
3.142955	9.891991
3.144954	9.891991
3.146954	9.891991
3.148954	9.891991
3.150954	9.891991
3.152954	9.891991
3.154954	9.891991
3.156954	9.891991
3.158953	9.891991
3.160953	9.891991
3.162953	9.891991
3.164953	9.891991
3.166953	9.891991
3.168953	9.891991
3.170953	9.891991
3.172952	9.891991
3.174952	9.891991
3.176952	9.891991
3.178952	9.891991
3.180952	9.891991
3.182952	9.891991
3.184952	9.891991
3.186951	9.891991
3.188951	9.891991
3.190951	9.891991
3.192951	9.891991
3.194951	9.891991
3.196951	9.891991
3.198951	9.891991
3.200950	9.891991
3.202950	9.891991
3.204950	9.891991
3.206950	9.891991
3.208950	9.891991
3.210950	9.891991
3.212950	9.891991
3.214949	9.891991
3.216949	9.891991
3.218949	9.891991
3.220949	9.891991
3.222949	9.891991
3.224949	9.891991
3.226948	9.891991
3.228948	9.891991
3.230948	9.891991
3.232948	9.891991
3.234948	9.891991
3.236948	9.891991
3.238948	9.891991
3.240947	9.891991
3.242947	9.891991
3.244947	9.891991
3.246947	9.891991
3.248947	9.891991
3.250947	9.891991
3.252947	9.891991
3.254946	9.891991
3.256946	9.891991
3.258946	9.891991
3.260946	9.891991
3.262946	9.891991
3.264946	9.891991
3.266946	9.891991
3.268945	9.891991
3.270945	9.891991
3.272945	9.891991
3.274945	9.891991
3.276945	9.891991
3.278945	9.891991
3.280945	9.891991
3.282944	9.891991
3.284944	9.891991
3.286944	9.891991
3.288944	9.891991
3.290944	9.891991
3.292944	9.891991
3.294944	9.891991
3.296943	9.891991
3.298943	9.891991
3.300943	9.891991
3.302943	9.891991
3.304943	9.891991
3.306943	9.891991
3.308943	9.891991
3.310942	9.891991
3.312942	9.891991
3.314942	9.891991
3.316942	9.891991
3.318942	9.891991
3.320942	9.891991
3.322942	9.891991
3.324941	9.891991
3.326941	9.891991
3.328941	9.891991
3.330941	9.891991
3.332941	9.891991
3.334941	9.891991
3.336941	9.891991
3.338940	9.891991
3.340940	9.891991
3.342940	9.891991
3.344940	9.891991
3.346940	9.891991
3.348940	9.891991
3.350940	9.891991
3.352939	9.891991
3.354939	9.891991
3.356939	9.891991
3.358939	9.891991
3.360939	9.891991
3.362939	9.891991
3.364938	9.891991
3.366938	9.891991
3.368938	9.891991
3.370938	9.891991
3.372938	9.891991
3.374938	9.891991
3.376938	9.891991
3.378937	9.891991
3.380937	9.891991
3.382937	9.891991
3.384937	9.891991
3.386937	9.891991
3.388937	9.891991
3.390937	9.891991
3.392936	9.891991
3.394936	9.891991
3.396936	9.891991
3.398936	9.891991
3.400936	9.891991
3.402936	9.891991
3.404936	9.891991
3.406935	9.891991
3.408935	9.891991
3.410935	9.891991
3.412935	9.891991
3.414935	9.891991
3.416935	9.891991
3.418935	9.891991
3.420934	9.891991
3.422934	9.891991
3.424934	9.891991
3.426934	9.891991
3.428934	9.891991
3.430934	9.891991
3.432934	9.891991
3.434933	9.891991
3.436933	9.891991
3.438933	9.891991
3.440933	9.891991
3.442933	9.891991
3.444933	9.891991
3.446933	9.891991
3.448932	9.891991
3.450932	9.891991
3.452932	9.891991
3.454932	9.891991
3.456932	9.891991
3.458932	9.891991
3.460932	9.891991
3.462931	9.891991
3.464931	9.891991
3.466931	9.891991
3.468931	9.891991
3.470931	9.891991
3.472931	9.891991
3.474931	9.891991
3.476930	9.891991
3.478930	9.891991
3.480930	9.891991
3.482930	9.891991
3.484930	9.891991
3.486930	9.891991
3.488930	9.891991
3.490929	9.891991
3.492929	9.891991
3.494929	9.891991
3.496929	9.891991
3.498929	9.891991
3.500929	9.891991
3.502928	9.891991
3.504928	9.891991
3.506928	9.891991
3.508928	9.891991
3.510928	9.891991
3.512928	9.891991
3.514928	9.891991
3.516927	9.891991
3.518927	9.891991
3.520927	9.891991
3.522927	9.891991
3.524927	9.891991
3.526927	9.891991
3.528927	9.891991
3.530926	9.891991
3.532926	9.891991
3.534926	9.891991
3.536926	9.891991
3.538926	9.891991
3.540926	9.891991
3.542926	9.891991
3.544925	9.891991
3.546925	9.891991
3.548925	9.891991
3.550925	9.891991
3.552925	9.891991
3.554925	9.891991
3.556925	9.891991
3.558924	9.891991
3.560924	9.891991
3.562924	9.891991
3.564924	9.891991
3.566924	9.891991
3.568924	9.891991
3.570924	9.891991
3.572923	9.891991
3.574923	9.891991
3.576923	9.891991
3.578923	9.891991
3.580923	9.891991
3.582923	9.891991
3.584923	9.891991
3.586922	9.891991
3.588922	9.891991
3.590922	9.891991
3.592922	9.891991
3.594922	9.891991
3.596922	9.891991
3.598922	9.891991
3.600921	9.891991
3.602921	9.891991
3.604921	9.891991
3.606921	9.891991
3.608921	9.891991
3.610921	9.891991
3.612921	9.891991
3.614920	9.891991
3.616920	9.891991
3.618920	9.891991
3.620920	9.891991
3.622920	9.891991
3.624920	9.891991
3.626920	9.891991
3.628919	9.891991
3.630919	9.891991
3.632919	9.891991
3.634919	9.891991
3.636919	9.891991
3.638919	9.891991
3.640918	9.891991
3.642918	9.891991
3.644918	9.891991
3.646918	9.891991
3.648918	9.891991
3.650918	9.891991
3.652918	9.891991
3.654917	9.891991
3.656917	9.891991
3.658917	9.891991
3.660917	9.891991
3.662917	9.891991
3.664917	9.891991
3.666917	9.891991
3.668916	9.891991
3.670916	9.891991
3.672916	9.891991
3.674916	9.891991
3.676916	9.891991
3.678916	9.891991
3.680916	9.891991
3.682915	9.891991
3.684915	9.891991
3.686915	9.891991
3.688915	9.891991
3.690915	9.891991
3.692915	9.891991
3.694915	9.891991
3.696914	9.891991
3.698914	9.891991
3.700914	9.891991
3.702914	9.891991
3.704914	9.891991
3.706914	9.891991
3.708914	9.891991
3.710913	9.891991
3.712913	9.891991
3.714913	9.891991
3.716913	9.891991
3.718913	9.891991
3.720913	9.891991
3.722913	9.891991
3.724912	9.891991
3.726912	9.891991
3.728912	9.891991
3.730912	9.891991
3.732912	9.891991
3.734912	9.891991
3.736912	9.891991
3.738911	9.891991
3.740911	9.891991
3.742911	9.891991
3.744911	9.891991
3.746911	9.891991
3.748911	9.891991
3.750911	9.891991
3.752910	9.891991
3.754910	9.891991
3.756910	9.891991
3.758910	9.891991
3.760910	9.891991
3.762910	9.891991
3.764910	9.891991
3.766909	9.891991
3.768909	9.891991
3.770909	9.891991
3.772909	9.891991
3.774909	9.891991
3.776909	9.891991
3.778908	9.891991
3.780908	9.891991
3.782908	9.891991
3.784908	9.891991
3.786908	9.891991
3.788908	9.891991
3.790908	9.891991
3.792907	9.891991
3.794907	9.891991
3.796907	9.891991
3.798907	9.891991
3.800907	9.891991
3.802907	9.891991
3.804907	9.891991
3.806906	9.891991
3.808906	9.891991
3.810906	9.891991
3.812906	9.891991
3.814906	9.891991
3.816906	9.891991
3.818906	9.891991
3.820905	9.891991
3.822905	9.891991
3.824905	9.891991
3.826905	9.891991
3.828905	9.891991
3.830905	9.891991
3.832905	9.891991
3.834904	9.891991
3.836904	9.891991
3.838904	9.891991
3.840904	9.891991
3.842904	9.891991
3.844904	9.891991
3.846904	9.891991
3.848903	9.891991
3.850903	9.891991
3.852903	9.891991
3.854903	9.891991
3.856903	9.891991
3.858903	9.891991
3.860903	9.891991
3.862902	9.891991
3.864902	9.891991
3.866902	9.891991
3.868902	9.891991
3.870902	9.891991
3.872902	9.891991
3.874902	9.891991
3.876901	9.891991
3.878901	9.891991
3.880901	9.891991
3.882901	9.891991
3.884901	9.891991
3.886901	9.891991
3.888901	9.891991
3.890900	9.891991
3.892900	9.891991
3.894900	9.891991
3.896900	9.891991
3.898900	9.891991
3.900900	9.891991
3.902900	9.891991
3.904899	9.891991
3.906899	9.891991
3.908899	9.891991
3.910899	9.891991
3.912899	9.891991
3.914899	9.891991
3.916898	9.891991
3.918898	9.891991
3.920898	9.891991
3.922898	9.891991
3.924898	9.891991
3.926898	9.891991
3.928898	9.891991
3.930897	9.891991
3.932897	9.891991
3.934897	9.891991
3.936897	9.891991
3.938897	9.891991
3.940897	9.891991
3.942897	9.891991
3.944896	9.891991
3.946896	9.891991
3.948896	9.891991
3.950896	9.891991
3.952896	9.891991
3.954896	9.891991
3.956896	9.891991
3.958895	9.891991
3.960895	9.891991
3.962895	9.891991
3.964895	9.891991
3.966895	9.891991
3.968895	9.891991
3.970895	9.891991
3.972894	9.891991
3.974894	9.891991
3.976894	9.891991
3.978894	9.891991
3.980894	9.891991
3.982894	9.891991
3.984894	9.891991
3.986893	9.891991
3.988893	9.891991
3.990893	9.891991
3.992893	9.891991
3.994893	9.891991
3.996893	9.891991
3.998893	9.891991
4.000893	9.891991
4.002892	9.891991
4.004892	9.891991
4.006892	9.891991
4.008892	9.891991
4.010892	9.891991
4.012892	9.891991
4.014892	9.891991
4.016891	9.891991
4.018891	9.891991
4.020891	9.891991
4.022891	9.891991
4.024891	9.891991
4.026891	9.891991
4.028891	9.891991
4.030890	9.891991
4.032890	9.891991
4.034890	9.891991
4.036890	9.891991
4.038890	9.891991
4.040890	9.891991
4.042890	9.891991
4.044889	9.891991
4.046889	9.891991
4.048889	9.891991
4.050889	9.891991
4.052889	9.891991
4.054889	9.891991
4.056889	9.891991
4.058888	9.891991
4.060888	9.891991
4.062888	9.891991
4.064888	9.891991
4.066888	9.891991
4.068888	9.891991
4.070888	9.891991
4.072887	9.891991
4.074887	9.891991
4.076887	9.891991
4.078887	9.891991
4.080887	9.891991
4.082887	9.891991
4.084887	9.891991
4.086886	9.891991
4.088886	9.891991
4.090886	9.891991
4.092886	9.891991
4.094886	9.891991
4.096886	9.891991
4.098886	9.891991
4.100885	9.891991
4.102885	9.891991
4.104885	9.891991
4.106885	9.891991
4.108885	9.891991
4.110885	9.891991
4.112885	9.891991
4.114884	9.891991
4.116884	9.891991
4.118884	9.891991
4.120884	9.891991
4.122884	9.891991
4.124884	9.891991
4.126884	9.891991
4.128883	9.891991
4.130883	9.891991
4.132883	9.891991
4.134883	9.891991
4.136883	9.891991
4.138883	9.891991
4.140882	9.891991
4.142882	9.891991
4.144882	9.891991
4.146882	9.891991
4.148882	9.891991
4.150882	9.891991
4.152882	9.891991
4.154881	9.891991
4.156881	9.891991
4.158881	9.891991
4.160881	9.891991
4.162881	9.891991
4.164881	9.891991
4.166881	9.891991
4.168880	9.891991
4.170880	9.891991
4.172880	9.891991
4.174880	9.891991
4.176880	9.891991
4.178880	9.891991
4.180880	9.891991
4.182879	9.891991
4.184879	9.891991
4.186879	9.891991
4.188879	9.891991
4.190879	9.891991
4.192879	9.891991
4.194879	9.891991
4.196878	9.891991
4.198878	9.891991
4.200878	9.891991
4.202878	9.891991
4.204878	9.891991
4.206878	9.891991
4.208878	9.891991
4.210877	9.891991
4.212877	9.891991
4.214877	9.891991
4.216877	9.891991
4.218877	9.891991
4.220877	9.891991
4.222877	9.891991
4.224876	9.891991
4.226876	9.891991
4.228876	9.891991
4.230876	9.891991
4.232876	9.891991
4.234876	9.891991
4.236876	9.891991
4.238875	9.891991
4.240875	9.891991
4.242875	9.891991
4.244875	9.891991
4.246875	9.891991
4.248875	9.891991
4.250875	9.891991
4.252874	9.891991
4.254874	9.891991
4.256874	9.891991
4.258874	9.891991
4.260874	9.891991
4.262874	9.891991
4.264874	9.891991
4.266873	9.891991
4.268873	9.891991
4.270873	9.891991
4.272873	9.891991
4.274873	9.891991
4.276873	9.891991
4.278872	9.891991
4.280872	9.891991
4.282872	9.891991
4.284872	9.891991
4.286872	9.891991
4.288872	9.891991
4.290872	9.891991
4.292871	9.891991
4.294871	9.891991
4.296871	9.891991
4.298871	9.891991
4.300871	9.891991
4.302871	9.891991
4.304871	9.891991
4.306870	9.891991
4.308870	9.891991
4.310870	9.891991
4.312870	9.891991
4.314870	9.891991
4.316870	9.891991
4.318870	9.891991
4.320869	9.891991
4.322869	9.891991
4.324869	9.891991
4.326869	9.891991
4.328869	9.891991
4.330869	9.891991
4.332869	9.891991
4.334868	9.891991
4.336868	9.891991
4.338868	9.891991
4.340868	9.891991
4.342868	9.891991
4.344868	9.891991
4.346868	9.891991
4.348867	9.891991
4.350867	9.891991
4.352867	9.891991
4.354867	9.891991
4.356867	9.891991
4.358867	9.891991
4.360867	9.891991
4.362866	9.891991
4.364866	9.891991
4.366866	9.891991
4.368866	9.891991
4.370866	9.891991
4.372866	9.891991
4.374866	9.891991
4.376865	9.891991
4.378865	9.891991
4.380865	9.891991
4.382865	9.891991
4.384865	9.891991
4.386865	9.891991
4.388865	9.891991
4.390864	9.891991
4.392864	9.891991
4.394864	9.891991
4.396864	9.891991
4.398864	9.891991
4.400864	9.891991
4.402864	9.891991
4.404863	9.891991
4.406863	9.891991
4.408863	9.891991
4.410863	9.891991
4.412863	9.891991
4.414863	9.891991
4.416862	9.891991
4.418862	9.891991
4.420862	9.891991
4.422862	9.891991
4.424862	9.891991
4.426862	9.891991
4.428862	9.891991
4.430861	9.891991
4.432861	9.891991
4.434861	9.891991
4.436861	9.891991
4.438861	9.891991
4.440861	9.891991
4.442861	9.891991
4.444860	9.891991
4.446860	9.891991
4.448860	9.891991
4.450860	9.891991
4.452860	9.891991
4.454860	9.891991
4.456860	9.891991
4.458859	9.891991
4.460859	9.891991
4.462859	9.891991
4.464859	9.891991
4.466859	9.891991
4.468859	9.891991
4.470859	9.891991
4.472858	9.891991
4.474858	9.891991
4.476858	9.891991
4.478858	9.891991
4.480858	9.891991
4.482858	9.891991
4.484858	9.891991
4.486857	9.891991
4.488857	9.891991
4.490857	9.891991
4.492857	9.891991
4.494857	9.891991
4.496857	9.891991
4.498857	9.891991
4.500856	9.891991
4.502856	9.891991
4.504856	9.891991
4.506856	9.891991
4.508856	9.891991
4.510856	9.891991
4.512856	9.891991
4.514855	9.891991
4.516855	9.891991
4.518855	9.891991
4.520855	9.891991
4.522855	9.891991
4.524855	9.891991
4.526855	9.891991
4.528854	9.891991
4.530854	9.891991
4.532854	9.891991
4.534854	9.891991
4.536854	9.891991
4.538854	9.891991
4.540854	9.891991
4.542853	9.891991
4.544853	9.891991
4.546853	9.891991
4.548853	9.891991
4.550853	9.891991
4.552853	9.891991
4.554852	9.891991
4.556852	9.891991
4.558852	9.891991
4.560852	9.891991
4.562852	9.891991
4.564852	9.891991
4.566852	9.891991
4.568851	9.891991
4.570851	9.891991
4.572851	9.891991
4.574851	9.891991
4.576851	9.891991
4.578851	9.891991
4.580851	9.891991
4.582850	9.891991
4.584850	9.891991
4.586850	9.891991
4.588850	9.891991
4.590850	9.891991
4.592850	9.891991
4.594850	9.891991
4.596849	9.891991
4.598849	9.891991
4.600849	9.891991
4.602849	9.891991
4.604849	9.891991
4.606849	9.891991
4.608849	9.891991
4.610848	9.891991
4.612848	9.891991
4.614848	9.891991
4.616848	9.891991
4.618848	9.891991
4.620848	9.891991
4.622848	9.891991
4.624847	9.891991
4.626847	9.891991
4.628847	9.891991
4.630847	9.891991
4.632847	9.891991
4.634847	9.891991
4.636847	9.891991
4.638846	9.891991
4.640846	9.891991
4.642846	9.891991
4.644846	9.891991
4.646846	9.891991
4.648846	9.891991
4.650846	9.891991
4.652845	9.891991
4.654845	9.891991
4.656845	9.891991
4.658845	9.891991
4.660845	9.891991
4.662845	9.891991
4.664845	9.891991
4.666844	9.891991
4.668844	9.891991
4.670844	9.891991
4.672844	9.891991
4.674844	9.891991
4.676844	9.891991
4.678843	9.891991
4.680843	9.891991
4.682843	9.891991
4.684843	9.891991
4.686843	9.891991
4.688843	9.891991
4.690843	9.891991
4.692842	9.891991
4.694842	9.891991
4.696842	9.891991
4.698842	9.891991
4.700842	9.891991
4.702842	9.891991
4.704842	9.891991
4.706841	9.891991
4.708841	9.891991
4.710841	9.891991
4.712841	9.891991
4.714841	9.891991
4.716841	9.891991
4.718841	9.891991
4.720840	9.891991
4.722840	9.891991
4.724840	9.891991
4.726840	9.891991
4.728840	9.891991
4.730840	9.891991
4.732840	9.891991
4.734839	9.891991
4.736839	9.891991
4.738839	9.891991
4.740839	9.891991
4.742839	9.891991
4.744839	9.891991
4.746839	9.891991
4.748838	9.891991
4.750838	9.891991
4.752838	9.891991
4.754838	9.891991
4.756838	9.891991
4.758838	9.891991
4.760838	9.891991
4.762837	9.891991
4.764837	9.891991
4.766837	9.891991
4.768837	9.891991
4.770837	9.891991
4.772837	9.891991
4.774837	9.891991
4.776836	9.891991
4.778836	9.891991
4.780836	9.891991
4.782836	9.891991
4.784836	9.891991
4.786836	9.891991
4.788836	9.891991
4.790835	9.891991
4.792835	9.891991
4.794835	9.891991
4.796835	9.891991
4.798835	9.891991
4.800835	9.891991
4.802835	9.891991
4.804834	9.891991
4.806834	9.891991
4.808834	9.891991
4.810834	9.891991
4.812834	9.891991
4.814834	9.891991
4.816833	9.891991
4.818833	9.891991
4.820833	9.891991
4.822833	9.891991
4.824833	9.891991
4.826833	9.891991
4.828833	9.891991
4.830832	9.891991
4.832832	9.891991
4.834832	9.891991
4.836832	9.891991
4.838832	9.891991
4.840832	9.891991
4.842832	9.891991
4.844831	9.891991
4.846831	9.891991
4.848831	9.891991
4.850831	9.891991
4.852831	9.891991
4.854831	9.891991
4.856831	9.891991
4.858830	9.891991
4.860830	9.891991
4.862830	9.891991
4.864830	9.891991
4.866830	9.891991
4.868830	9.891991
4.870830	9.891991
4.872829	9.891991
4.874829	9.891991
4.876829	9.891991
4.878829	9.891991
4.880829	9.891991
4.882829	9.891991
4.884829	9.891991
4.886828	9.891991
4.888828	9.891991
4.890828	9.891991
4.892828	9.891991
4.894828	9.891991
4.896828	9.891991
4.898828	9.891991
4.900827	9.891991
4.902827	9.891991
4.904827	9.891991
4.906827	9.891991
4.908827	9.891991
4.910827	9.891991
4.912827	9.891991
4.914826	9.891991
4.916826	9.891991
4.918826	9.891991
4.920826	9.891991
4.922826	9.891991
4.924826	9.891991
4.926826	9.891991
4.928825	9.891991
4.930825	9.891991
4.932825	9.891991
4.934825	9.891991
4.936825	9.891991
4.938825	9.891991
4.940825	9.891991
4.942824	9.891991
4.944824	9.891991
4.946824	9.891991
4.948824	9.891991
4.950824	9.891991
4.952824	9.891991
4.954823	9.891991
4.956823	9.891991
4.958823	9.891991
4.960823	9.891991
4.962823	9.891991
4.964823	9.891991
4.966823	9.891991
4.968822	9.891991
4.970822	9.891991
4.972822	9.891991
4.974822	9.891991
4.976822	9.891991
4.978822	9.891991
4.980822	9.891991
4.982821	9.891991
4.984821	9.891991
4.986821	9.891991
4.988821	9.891991
4.990821	9.891991
4.992821	9.891991
4.994821	9.891991
4.996820	9.891991
4.998820	9.891991
5.000820	9.891991
5.002820	9.891991
5.004820	9.891991
5.006820	9.891991
5.008820	9.891991
5.010819	9.891991
5.012819	9.891991
5.014819	9.891991
5.016819	9.891991
5.018819	9.891991
5.020819	9.891991
5.022819	9.891991
5.024818	9.891991
5.026818	9.891991
5.028818	9.891991
5.030818	9.891991
5.032818	9.891991
5.034818	9.891991
5.036818	9.891991
5.038817	9.891991
5.040817	9.891991
5.042817	9.891991
5.044817	9.891991
5.046817	9.891991
5.048817	9.891991
5.050817	9.891991
5.052816	9.891991
5.054816	9.891991
5.056816	9.891991
5.058816	9.891991
5.060816	9.891991
5.062816	9.891991
5.064816	9.891991
5.066815	9.891991
5.068815	9.891991
5.070815	9.891991
5.072815	9.891991
5.074815	9.891991
5.076815	9.891991
5.078815	9.891991
5.080814	9.891991
5.082814	9.891991
5.084814	9.891991
5.086814	9.891991
5.088814	9.891991
5.090814	9.891991
5.092813	9.891991
5.094813	9.891991
5.096813	9.891991
5.098813	9.891991
5.100813	9.891991
5.102813	9.891991
5.104813	9.891991
5.106812	9.891991
5.108812	9.891991
5.110812	9.891991
5.112812	9.891991
5.114812	9.891991
5.116812	9.891991
5.118812	9.891991
5.120811	9.891991
5.122811	9.891991
5.124811	9.891991
5.126811	9.891991
5.128811	9.891991
5.130811	9.891991
5.132811	9.891991
5.134810	9.891991
5.136810	9.891991
5.138810	9.891991
5.140810	9.891991
5.142810	9.891991
5.144810	9.891991
5.146810	9.891991
5.148809	9.891991
5.150809	9.891991
5.152809	9.891991
5.154809	9.891991
5.156809	9.891991
5.158809	9.891991
5.160809	9.891991
5.162808	9.891991
5.164808	9.891991
5.166808	9.891991
5.168808	9.891991
5.170808	9.891991
5.172808	9.891991
5.174808	9.891991
5.176807	9.891991
5.178807	9.891991
5.180807	9.891991
5.182807	9.891991
5.184807	9.891991
5.186807	9.891991
5.188807	9.891991
5.190806	9.891991
5.192806	9.891991
5.194806	9.891991
5.196806	9.891991
5.198806	9.891991
5.200806	9.891991
5.202806	9.891991
5.204805	9.891991
5.206805	9.891991
5.208805	9.891991
5.210805	9.891991
5.212805	9.891991
5.214805	9.891991
5.216805	9.891991
5.218804	9.891991
5.220804	9.891991
5.222804	9.891991
5.224804	9.891991
5.226804	9.891991
5.228804	9.891991
5.230803	9.891991
5.232803	9.891991
5.234803	9.891991
5.236803	9.891991
5.238803	9.891991
5.240803	9.891991
5.242803	9.891991
5.244802	9.891991
5.246802	9.891991
5.248802	9.891991
5.250802	9.891991
5.252802	9.891991
5.254802	9.891991
5.256802	9.891991
5.258801	9.891991
5.260801	9.891991
5.262801	9.891991
5.264801	9.891991
5.266801	9.891991
5.268801	9.891991
5.270801	9.891991
5.272800	9.891991
5.274800	9.891991
5.276800	9.891991
5.278800	9.891991
5.280800	9.891991
5.282800	9.891991
5.284800	9.891991
5.286799	9.891991
5.288799	9.891991
5.290799	9.891991
5.292799	9.891991
5.294799	9.891991
5.296799	9.891991
5.298799	9.891991
5.300798	9.891991
5.302798	9.891991
5.304798	9.891991
5.306798	9.891991
5.308798	9.891991
5.310798	9.891991
5.312798	9.891991
5.314797	9.891991
5.316797	9.891991
5.318797	9.891991
5.320797	9.891991
5.322797	9.891991
5.324797	9.891991
5.326797	9.891991
5.328796	9.891991
5.330796	9.891991
5.332796	9.891991
5.334796	9.891991
5.336796	9.891991
5.338796	9.891991
5.340796	9.891991
5.342795	9.891991
5.344795	9.891991
5.346795	9.891991
5.348795	9.891991
5.350795	9.891991
5.352795	9.891991
5.354795	9.891991
5.356794	9.891991
5.358794	9.891991
5.360794	9.891991
5.362794	9.891991
5.364794	9.891991
5.366794	9.891991
5.368793	9.891991
5.370793	9.891991
5.372793	9.891991
5.374793	9.891991
5.376793	9.891991
5.378793	9.891991
5.380793	9.891991
5.382792	9.891991
5.384792	9.891991
5.386792	9.891991
5.388792	9.891991
5.390792	9.891991
5.392792	9.891991
5.394792	9.891991
5.396791	9.891991
5.398791	9.891991
5.400791	9.891991
5.402791	9.891991
5.404791	9.891991
5.406791	9.891991
5.408791	9.891991
5.410790	9.891991
5.412790	9.891991
5.414790	9.891991
5.416790	9.891991
5.418790	9.891991
5.420790	9.891991
5.422790	9.891991
5.424789	9.891991
5.426789	9.891991
5.428789	9.891991
5.430789	9.891991
5.432789	9.891991
5.434789	9.891991
5.436789	9.891991
5.438788	9.891991
5.440788	9.891991
5.442788	9.891991
5.444788	9.891991
5.446788	9.891991
5.448788	9.891991
5.450788	9.891991
5.452787	9.891991
5.454787	9.891991
5.456787	9.891991
5.458787	9.891991
5.460787	9.891991
5.462787	9.891991
5.464787	9.891991
5.466786	9.891991
5.468786	9.891991
5.470786	9.891991
5.472786	9.891991
5.474786	9.891991
5.476786	9.891991
5.478786	9.891991
5.480785	9.891991
5.482785	9.891991
5.484785	9.891991
5.486785	9.891991
5.488785	9.891991
5.490785	9.891991
5.492785	9.891991
5.494784	9.891991
5.496784	9.891991
5.498784	9.891991
5.500784	9.891991
5.502784	9.891991
5.504784	9.891991
5.506783	9.891991
5.508783	9.891991
5.510783	9.891991
5.512783	9.891991
5.514783	9.891991
5.516783	9.891991
5.518783	9.891991
5.520782	9.891991
5.522782	9.891991
5.524782	9.891991
5.526782	9.891991
5.528782	9.891991
5.530782	9.891991
5.532782	9.891991
5.534781	9.891991
5.536781	9.891991
5.538781	9.891991
5.540781	9.891991
5.542781	9.891991
5.544781	9.891991
5.546781	9.891991
5.548780	9.891991
5.550780	9.891991
5.552780	9.891991
5.554780	9.891991
5.556780	9.891991
5.558780	9.891991
5.560780	9.891991
5.562779	9.891991
5.564779	9.891991
5.566779	9.891991
5.568779	9.891991
5.570779	9.891991
5.572779	9.891991
5.574779	9.891991
5.576778	9.891991
5.578778	9.891991
5.580778	9.891991
5.582778	9.891991
5.584778	9.891991
5.586778	9.891991
5.588778	9.891991
5.590777	9.891991
5.592777	9.891991
5.594777	9.891991
5.596777	9.891991
5.598777	9.891991
5.600777	9.891991
5.602777	9.891991
5.604776	9.891991
5.606776	9.891991
5.608776	9.891991
5.610776	9.891991
5.612776	9.891991
5.614776	9.891991
5.616776	9.891991
5.618775	9.891991
5.620775	9.891991
5.622775	9.891991
5.624775	9.891991
5.626775	9.891991
5.628775	9.891991
5.630774	9.891991
5.632774	9.891991
5.634774	9.891991
5.636774	9.891991
5.638774	9.891991
5.640774	9.891991
5.642774	9.891991
5.644773	9.891991
5.646773	9.891991
5.648773	9.891991
5.650773	9.891991
5.652773	9.891991
5.654773	9.891991
5.656773	9.891991
5.658772	9.891991
5.660772	9.891991
5.662772	9.891991
5.664772	9.891991
5.666772	9.891991
5.668772	9.891991
5.670772	9.891991
5.672771	9.891991
5.674771	9.891991
5.676771	9.891991
5.678771	9.891991
5.680771	9.891991
5.682771	9.891991
5.684771	9.891991
5.686770	9.891991
5.688770	9.891991
5.690770	9.891991
5.692770	9.891991
5.694770	9.891991
5.696770	9.891991
5.698770	9.891991
5.700769	9.891991
5.702769	9.891991
5.704769	9.891991
5.706769	9.891991
5.708769	9.891991
5.710769	9.891991
5.712769	9.891991
5.714768	9.891991
5.716768	9.891991
5.718768	9.891991
5.720768	9.891991
5.722768	9.891991
5.724768	9.891991
5.726768	9.891991
5.728767	9.891991
5.730767	9.891991
5.732767	9.891991
5.734767	9.891991
5.736767	9.891991
5.738767	9.891991
5.740767	9.891991
5.742766	9.891991
5.744766	9.891991
5.746766	9.891991
5.748766	9.891991
5.750766	9.891991
5.752766	9.891991
5.754766	9.891991
5.756765	9.891991
5.758765	9.891991
5.760765	9.891991
5.762765	9.891991
5.764765	9.891991
5.766765	9.891991
5.768764	9.891991
5.770764	9.891991
5.772764	9.891991
5.774764	9.891991
5.776764	9.891991
5.778764	9.891991
5.780764	9.891991
5.782763	9.891991
5.784763	9.891991
5.786763	9.891991
5.788763	9.891991
5.790763	9.891991
5.792763	9.891991
5.794763	9.891991
5.796762	9.891991
5.798762	9.891991
5.800762	9.891991
5.802762	9.891991
5.804762	9.891991
5.806762	9.891991
5.808762	9.891991
5.810761	9.891991
5.812761	9.891991
5.814761	9.891991
5.816761	9.891991
5.818761	9.891991
5.820761	9.891991
5.822761	9.891991
5.824760	9.891991
5.826760	9.891991
5.828760	9.891991
5.830760	9.891991
5.832760	9.891991
5.834760	9.891991
5.836760	9.891991
5.838759	9.891991
5.840759	9.891991
5.842759	9.891991
5.844759	9.891991
5.846759	9.891991
5.848759	9.891991
5.850759	9.891991
5.852758	9.891991
5.854758	9.891991
5.856758	9.891991
5.858758	9.891991
5.860758	9.891991
5.862758	9.891991
5.864758	9.891991
5.866757	9.891991
5.868757	9.891991
5.870757	9.891991
5.872757	9.891991
5.874757	9.891991
5.876757	9.891991
5.878757	9.891991
5.880756	9.891991
5.882756	9.891991
5.884756	9.891991
5.886756	9.891991
5.888756	9.891991
5.890756	9.891991
5.892756	9.891991
5.894755	9.891991
5.896755	9.891991
5.898755	9.891991
5.900755	9.891991
5.902755	9.891991
5.904755	9.891991
5.906754	9.891991
5.908754	9.891991
5.910754	9.891991
5.912754	9.891991
5.914754	9.891991
5.916754	9.891991
5.918754	9.891991
5.920753	9.891991
5.922753	9.891991
5.924753	9.891991
5.926753	9.891991
5.928753	9.891991
5.930753	9.891991
5.932753	9.891991
5.934752	9.891991
5.936752	9.891991
5.938752	9.891991
5.940752	9.891991
5.942752	9.891991
5.944752	9.891991
5.946752	9.891991
5.948751	9.891991
5.950751	9.891991
5.952751	9.891991
5.954751	9.891991
5.956751	9.891991
5.958751	9.891991
5.960751	9.891991
5.962750	9.891991
5.964750	9.891991
5.966750	9.891991
5.968750	9.891991
5.970750	9.891991
5.972750	9.891991
5.974750	9.891991
5.976749	9.891991
5.978749	9.891991
5.980749	9.891991
5.982749	9.891991
5.984749	9.891991
5.986749	9.891991
5.988749	9.891991
5.990748	9.891991
5.992748	9.891991
5.994748	9.891991
5.996748	9.891991
5.998748	9.891991
6.000748	9.891991
6.002748	9.891991
6.004747	9.891991
6.006747	9.891991
6.008747	9.891991
6.010747	9.891991
6.012747	9.891991
6.014747	9.891991
6.016747	9.891991
6.018746	9.891991
6.020746	9.891991
6.022746	9.891991
6.024746	9.891991
6.026746	9.891991
6.028746	9.891991
6.030746	9.891991
6.032745	9.891991
6.034745	9.891991
6.036745	9.891991
6.038745	9.891991
6.040745	9.891991
6.042745	9.891991
6.044744	9.891991
6.046744	9.891991
6.048744	9.891991
6.050744	9.891991
6.052744	9.891991
6.054744	9.891991
6.056744	9.891991
6.058743	9.891991
6.060743	9.891991
6.062743	9.891991
6.064743	9.891991
6.066743	9.891991
6.068743	9.891991
6.070743	9.891991
6.072742	9.891991
6.074742	9.891991
6.076742	9.891991
6.078742	9.891991
6.080742	9.891991
6.082742	9.891991
6.084742	9.891991
6.086741	9.891991
6.088741	9.891991
6.090741	9.891991
6.092741	9.891991
6.094741	9.891991
6.096741	9.891991
6.098741	9.891991
6.100740	9.891991
6.102740	9.891991
6.104740	9.891991
6.106740	9.891991
6.108740	9.891991
6.110740	9.891991
6.112740	9.891991
6.114739	9.891991
6.116739	9.891991
6.118739	9.891991
6.120739	9.891991
6.122739	9.891991
6.124739	9.891991
6.126739	9.891991
6.128738	9.891991
6.130738	9.891991
6.132738	9.891991
6.134738	9.891991
6.136738	9.891991
6.138738	9.891991
6.140738	9.891991
6.142737	9.891991
6.144737	9.891991
6.146737	9.891991
6.148737	9.891991
6.150737	9.891991
6.152737	9.891991
6.154737	9.891991
6.156736	9.891991
6.158736	9.891991
6.160736	9.891991
6.162736	9.891991
6.164736	9.891991
6.166736	9.891991
6.168736	9.891991
6.170735	9.891991
6.172735	9.891991
6.174735	9.891991
6.176735	9.891991
6.178735	9.891991
6.180735	9.891991
6.182734	9.891991
6.184734	9.891991
6.186734	9.891991
6.188734	9.891991
6.190734	9.891991
6.192734	9.891991
6.194734	9.891991
6.196733	9.891991
6.198733	9.891991
6.200733	9.891991
6.202733	9.891991
6.204733	9.891991
6.206733	9.891991
6.208733	9.891991
6.210732	9.891991
6.212732	9.891991
6.214732	9.891991
6.216732	9.891991
6.218732	9.891991
6.220732	9.891991
6.222732	9.891991
6.224731	9.891991
6.226731	9.891991
6.228731	9.891991
6.230731	9.891991
6.232731	9.891991
6.234731	9.891991
6.236731	9.891991
6.238730	9.891991
6.240730	9.891991
6.242730	9.891991
6.244730	9.891991
6.246730	9.891991
6.248730	9.891991
6.250730	9.891991
6.252729	9.891991
6.254729	9.891991
6.256729	9.891991
6.258729	9.891991
6.260729	9.891991
6.262729	9.891991
6.264729	9.891991
6.266728	9.891991
6.268728	9.891991
6.270728	9.891991
6.272728	9.891991
6.274728	9.891991
6.276728	9.891991
6.278728	9.891991
6.280727	9.891991
6.282727	9.891991
6.284727	9.891991
6.286727	9.891991
6.288727	9.891991
6.290727	9.891991
6.292727	9.891991
6.294726	9.891991
6.296726	9.891991
6.298726	9.891991
6.300726	9.891991
6.302726	9.891991
6.304726	9.891991
6.306726	9.891991
6.308725	9.891991
6.310725	9.891991
6.312725	9.891991
6.314725	9.891991
6.316725	9.891991
6.318725	9.891991
6.320724	9.891991
6.322724	9.891991
6.324724	9.891991
6.326724	9.891991
6.328724	9.891991
6.330724	9.891991
6.332724	9.891991
6.334723	9.891991
6.336723	9.891991
6.338723	9.891991
6.340723	9.891991
6.342723	9.891991
6.344723	9.891991
6.346723	9.891991
6.348722	9.891991
6.350722	9.891991
6.352722	9.891991
6.354722	9.891991
6.356722	9.891991
6.358722	9.891991
6.360722	9.891991
6.362721	9.891991
6.364721	9.891991
6.366721	9.891991
6.368721	9.891991
6.370721	9.891991
6.372721	9.891991
6.374721	9.891991
6.376720	9.891991
6.378720	9.891991
6.380720	9.891991
6.382720	9.891991
6.384720	9.891991
6.386720	9.891991
6.388720	9.891991
6.390719	9.891991
6.392719	9.891991
6.394719	9.891991
6.396719	9.891991
6.398719	9.891991
6.400719	9.891991
6.402719	9.891991
6.404718	9.891991
6.406718	9.891991
6.408718	9.891991
6.410718	9.891991
6.412718	9.891991
6.414718	9.891991
6.416718	9.891991
6.418717	9.891991
6.420717	9.891991
6.422717	9.891991
6.424717	9.891991
6.426717	9.891991
6.428717	9.891991
6.430717	9.891991
6.432716	9.891991
6.434716	9.891991
6.436716	9.891991
6.438716	9.891991
6.440716	9.891991
6.442716	9.891991
6.444715	9.891991
6.446715	9.891991
6.448715	9.891991
6.450715	9.891991
6.452715	9.891991
6.454715	9.891991
6.456715	9.891991
6.458714	9.891991
6.460714	9.891991
6.462714	9.891991
6.464714	9.891991
6.466714	9.891991
6.468714	9.891991
6.470714	9.891991
6.472713	9.891991
6.474713	9.891991
6.476713	9.891991
6.478713	9.891991
6.480713	9.891991
6.482713	9.891991
6.484713	9.891991
6.486712	9.891991
6.488712	9.891991
6.490712	9.891991
6.492712	9.891991
6.494712	9.891991
6.496712	9.891991
6.498712	9.891991
6.500711	9.891991
6.502711	9.891991
6.504711	9.891991
6.506711	9.891991
6.508711	9.891991
6.510711	9.891991
6.512711	9.891991
6.514710	9.891991
6.516710	9.891991
6.518710	9.891991
6.520710	9.891991
6.522710	9.891991
6.524710	9.891991
6.526710	9.891991
6.528709	9.891991
6.530709	9.891991
6.532709	9.891991
6.534709	9.891991
6.536709	9.891991
6.538709	9.891991
6.540709	9.891991
6.542708	9.891991
6.544708	9.891991
6.546708	9.891991
6.548708	9.891991
6.550708	9.891991
6.552708	9.891991
6.554708	9.891991
6.556707	9.891991
6.558707	9.891991
6.560707	9.891991
6.562707	9.891991
6.564707	9.891991
6.566707	9.891991
6.568707	9.891991
6.570706	9.891991
6.572706	9.891991
6.574706	9.891991
6.576706	9.891991
6.578706	9.891991
6.580706	9.891991
6.582705	9.891991
6.584705	9.891991
6.586705	9.891991
6.588705	9.891991
6.590705	9.891991
6.592705	9.891991
6.594705	9.891991
6.596704	9.891991
6.598704	9.891991
6.600704	9.891991
6.602704	9.891991
6.604704	9.891991
6.606704	9.891991
6.608704	9.891991
6.610703	9.891991
6.612703	9.891991
6.614703	9.891991
6.616703	9.891991
6.618703	9.891991
6.620703	9.891991
6.622703	9.891991
6.624702	9.891991
6.626702	9.891991
6.628702	9.891991
6.630702	9.891991
6.632702	9.891991
6.634702	9.891991
6.636702	9.891991
6.638701	9.891991
6.640701	9.891991
6.642701	9.891991
6.644701	9.891991
6.646701	9.891991
6.648701	9.891991
6.650701	9.891991
6.652700	9.891991
6.654700	9.891991
6.656700	9.891991
6.658700	9.891991
6.660700	9.891991
6.662700	9.891991
6.664700	9.891991
6.666699	9.891991
6.668699	9.891991
6.670699	9.891991
6.672699	9.891991
6.674699	9.891991
6.676699	9.891991
6.678699	9.891991
6.680698	9.891991
6.682698	9.891991
6.684698	9.891991
6.686698	9.891991
6.688698	9.891991
6.690698	9.891991
6.692698	9.891991
6.694697	9.891991
6.696697	9.891991
6.698697	9.891991
6.700697	9.891991
6.702697	9.891991
6.704697	9.891991
6.706697	9.891991
6.708696	9.891991
6.710696	9.891991
6.712696	9.891991
6.714696	9.891991
6.716696	9.891991
6.718696	9.891991
6.720695	9.891991
6.722695	9.891991
6.724695	9.891991
6.726695	9.891991
6.728695	9.891991
6.730695	9.891991
6.732695	9.891991
6.734694	9.891991
6.736694	9.891991
6.738694	9.891991
6.740694	9.891991
6.742694	9.891991
6.744694	9.891991
6.746694	9.891991
6.748693	9.891991
6.750693	9.891991
6.752693	9.891991
6.754693	9.891991
6.756693	9.891991
6.758693	9.891991
6.760693	9.891991
6.762692	9.891991
6.764692	9.891991
6.766692	9.891991
6.768692	9.891991
6.770692	9.891991
6.772692	9.891991
6.774692	9.891991
6.776691	9.891991
6.778691	9.891991
6.780691	9.891991
6.782691	9.891991
6.784691	9.891991
6.786691	9.891991
6.788691	9.891991
6.790690	9.891991
6.792690	9.891991
6.794690	9.891991
6.796690	9.891991
6.798690	9.891991
6.800690	9.891991
6.802690	9.891991
6.804689	9.891991
6.806689	9.891991
6.808689	9.891991
6.810689	9.891991
6.812689	9.891991
6.814689	9.891991
6.816689	9.891991
6.818688	9.891991
6.820688	9.891991
6.822688	9.891991
6.824688	9.891991
6.826688	9.891991
6.828688	9.891991
6.830688	9.891991
6.832687	9.891991
6.834687	9.891991
6.836687	9.891991
6.838687	9.891991
6.840687	9.891991
6.842687	9.891991
6.844687	9.891991
6.846686	9.891991
6.848686	9.891991
6.850686	9.891991
6.852686	9.891991
6.854686	9.891991
6.856686	9.891991
6.858685	9.891991
6.860685	9.891991
6.862685	9.891991
6.864685	9.891991
6.866685	9.891991
6.868685	9.891991
6.870685	9.891991
6.872684	9.891991
6.874684	9.891991
6.876684	9.891991
6.878684	9.891991
6.880684	9.891991
6.882684	9.891991
6.884684	9.891991
6.886683	9.891991
6.888683	9.891991
6.890683	9.891991
6.892683	9.891991
6.894683	9.891991
6.896683	9.891991
6.898683	9.891991
6.900682	9.891991
6.902682	9.891991
6.904682	9.891991
6.906682	9.891991
6.908682	9.891991
6.910682	9.891991
6.912682	9.891991
6.914681	9.891991
6.916681	9.891991
6.918681	9.891991
6.920681	9.891991
6.922681	9.891991
6.924681	9.891991
6.926681	9.891991
6.928680	9.891991
6.930680	9.891991
6.932680	9.891991
6.934680	9.891991
6.936680	9.891991
6.938680	9.891991
6.940680	9.891991
6.942679	9.891991
6.944679	9.891991
6.946679	9.891991
6.948679	9.891991
6.950679	9.891991
6.952679	9.891991
6.954679	9.891991
6.956678	9.891991
6.958678	9.891991
6.960678	9.891991
6.962678	9.891991
6.964678	9.891991
6.966678	9.891991
6.968678	9.891991
6.970677	9.891991
6.972677	9.891991
6.974677	9.891991
6.976677	9.891991
6.978677	9.891991
6.980677	9.891991
6.982677	9.891991
6.984676	9.891991
6.986676	9.891991
6.988676	9.891991
6.990676	9.891991
6.992676	9.891991
6.994676	9.891991
6.996675	9.891991
6.998675	9.891991
7.000675	9.891991
7.002675	9.891991
7.004675	9.891991
7.006675	9.891991
7.008675	9.891991
7.010674	9.891991
7.012674	9.891991
7.014674	9.891991
7.016674	9.891991
7.018674	9.891991
7.020674	9.891991
7.022674	9.891991
7.024673	9.891991
7.026673	9.891991
7.028673	9.891991
7.030673	9.891991
7.032673	9.891991
7.034673	9.891991
7.036673	9.891991
7.038672	9.891991
7.040672	9.891991
7.042672	9.891991
7.044672	9.891991
7.046672	9.891991
7.048672	9.891991
7.050672	9.891991
7.052671	9.891991
7.054671	9.891991
7.056671	9.891991
7.058671	9.891991
7.060671	9.891991
7.062671	9.891991
7.064671	9.891991
7.066670	9.891991
7.068670	9.891991
7.070670	9.891991
7.072670	9.891991
7.074670	9.891991
7.076670	9.891991
7.078670	9.891991
7.080669	9.891991
7.082669	9.891991
7.084669	9.891991
7.086669	9.891991
7.088669	9.891991
7.090669	9.891991
7.092669	9.891991
7.094668	9.891991
7.096668	9.891991
7.098668	9.891991
7.100668	9.891991
7.102668	9.891991
7.104668	9.891991
7.106668	9.891991
7.108667	9.891991
7.110667	9.891991
7.112667	9.891991
7.114667	9.891991
7.116667	9.891991
7.118667	9.891991
7.120667	9.891991
7.122666	9.891991
7.124666	9.891991
7.126666	9.891991
7.128666	9.891991
7.130666	9.891991
7.132666	9.891991
7.134665	9.891991
7.136665	9.891991
7.138665	9.891991
7.140665	9.891991
7.142665	9.891991
7.144665	9.891991
7.146665	9.891991
7.148664	9.891991
7.150664	9.891991
7.152664	9.891991
7.154664	9.891991
7.156664	9.891991
7.158664	9.891991
7.160664	9.891991
7.162663	9.891991
7.164663	9.891991
7.166663	9.891991
7.168663	9.891991
7.170663	9.891991
7.172663	9.891991
7.174663	9.891991
7.176662	9.891991
7.178662	9.891991
7.180662	9.891991
7.182662	9.891991
7.184662	9.891991
7.186662	9.891991
7.188662	9.891991
7.190661	9.891991
7.192661	9.891991
7.194661	9.891991
7.196661	9.891991
7.198661	9.891991
7.200661	9.891991
7.202661	9.891991
7.204660	9.891991
7.206660	9.891991
7.208660	9.891991
7.210660	9.891991
7.212660	9.891991
7.214660	9.891991
7.216660	9.891991
7.218659	9.891991
7.220659	9.891991
7.222659	9.891991
7.224659	9.891991
7.226659	9.891991
7.228659	9.891991
7.230659	9.891991
7.232658	9.891991
7.234658	9.891991
7.236658	9.891991
7.238658	9.891991
7.240658	9.891991
7.242658	9.891991
7.244658	9.891991
7.246657	9.891991
7.248657	9.891991
7.250657	9.891991
7.252657	9.891991
7.254657	9.891991
7.256657	9.891991
7.258657	9.891991
7.260656	9.891991
7.262656	9.891991
7.264656	9.891991
7.266656	9.891991
7.268656	9.891991
7.270656	9.891991
7.272655	9.891991
7.274655	9.891991
7.276655	9.891991
7.278655	9.891991
7.280655	9.891991
7.282655	9.891991
7.284655	9.891991
7.286654	9.891991
7.288654	9.891991
7.290654	9.891991
7.292654	9.891991
7.294654	9.891991
7.296654	9.891991
7.298654	9.891991
7.300653	9.891991
7.302653	9.891991
7.304653	9.891991
7.306653	9.891991
7.308653	9.891991
7.310653	9.891991
7.312653	9.891991
7.314652	9.891991
7.316652	9.891991
7.318652	9.891991
7.320652	9.891991
7.322652	9.891991
7.324652	9.891991
7.326652	9.891991
7.328651	9.891991
7.330651	9.891991
7.332651	9.891991
7.334651	9.891991
7.336651	9.891991
7.338651	9.891991
7.340651	9.891991
7.342650	9.891991
7.344650	9.891991
7.346650	9.891991
7.348650	9.891991
7.350650	9.891991
7.352650	9.891991
7.354650	9.891991
7.356649	9.891991
7.358649	9.891991
7.360649	9.891991
7.362649	9.891991
7.364649	9.891991
7.366649	9.891991
7.368649	9.891991
7.370648	9.891991
7.372648	9.891991
7.374648	9.891991
7.376648	9.891991
7.378648	9.891991
7.380648	9.891991
7.382648	9.891991
7.384647	9.891991
7.386647	9.891991
7.388647	9.891991
7.390647	9.891991
7.392647	9.891991
7.394647	9.891991
7.396646	9.891991
7.398646	9.891991
7.400646	9.891991
7.402646	9.891991
7.404646	9.891991
7.406646	9.891991
7.408646	9.891991
7.410645	9.891991
7.412645	9.891991
7.414645	9.891991
7.416645	9.891991
7.418645	9.891991
7.420645	9.891991
7.422645	9.891991
7.424644	9.891991
7.426644	9.891991
7.428644	9.891991
7.430644	9.891991
7.432644	9.891991
7.434644	9.891991
7.436644	9.891991
7.438643	9.891991
7.440643	9.891991
7.442643	9.891991
7.444643	9.891991
7.446643	9.891991
7.448643	9.891991
7.450643	9.891991
7.452642	9.891991
7.454642	9.891991
7.456642	9.891991
7.458642	9.891991
7.460642	9.891991
7.462642	9.891991
7.464642	9.891991
7.466641	9.891991
7.468641	9.891991
7.470641	9.891991
7.472641	9.891991
7.474641	9.891991
7.476641	9.891991
7.478641	9.891991
7.480640	9.891991
7.482640	9.891991
7.484640	9.891991
7.486640	9.891991
7.488640	9.891991
7.490640	9.891991
7.492640	9.891991
7.494639	9.891991
7.496639	9.891991
7.498639	9.891991
7.500639	9.891991
7.502639	9.891991
7.504639	9.891991
7.506639	9.891991
7.508638	9.891991
7.510638	9.891991
7.512638	9.891991
7.514638	9.891991
7.516638	9.891991
7.518638	9.891991
7.520638	9.891991
7.522637	9.891991
7.524637	9.891991
7.526637	9.891991
7.528637	9.891991
7.530637	9.891991
7.532637	9.891991
7.534636	9.891991
7.536636	9.891991
7.538636	9.891991
7.540636	9.891991
7.542636	9.891991
7.544636	9.891991
7.546636	9.891991
7.548635	9.891991
7.550635	9.891991
7.552635	9.891991
7.554635	9.891991
7.556635	9.891991
7.558635	9.891991
7.560635	9.891991
7.562634	9.891991
7.564634	9.891991
7.566634	9.891991
7.568634	9.891991
7.570634	9.891991
7.572634	9.891991
7.574634	9.891991
7.576633	9.891991
7.578633	9.891991
7.580633	9.891991
7.582633	9.891991
7.584633	9.891991
7.586633	9.891991
7.588633	9.891991
7.590632	9.891991
7.592632	9.891991
7.594632	9.891991
7.596632	9.891991
7.598632	9.891991
7.600632	9.891991
7.602632	9.891991
7.604631	9.891991
7.606631	9.891991
7.608631	9.891991
7.610631	9.891991
7.612631	9.891991
7.614631	9.891991
7.616631	9.891991
7.618630	9.891991
7.620630	9.891991
7.622630	9.891991
7.624630	9.891991
7.626630	9.891991
7.628630	9.891991
7.630630	9.891991
7.632629	9.891991
7.634629	9.891991
7.636629	9.891991
7.638629	9.891991
7.640629	9.891991
7.642629	9.891991
7.644629	9.891991
7.646628	9.891991
7.648628	9.891991
7.650628	9.891991
7.652628	9.891991
7.654628	9.891991
7.656628	9.891991
7.658628	9.891991
7.660627	9.891991
7.662627	9.891991
7.664627	9.891991
7.666627	9.891991
7.668627	9.891991
7.670627	9.891991
7.672626	9.891991
7.674626	9.891991
7.676626	9.891991
7.678626	9.891991
7.680626	9.891991
7.682626	9.891991
7.684626	9.891991
7.686625	9.891991
7.688625	9.891991
7.690625	9.891991
7.692625	9.891991
7.694625	9.891991
7.696625	9.891991
7.698625	9.891991
7.700624	9.891991
7.702624	9.891991
7.704624	9.891991
7.706624	9.891991
7.708624	9.891991
7.710624	9.891991
7.712624	9.891991
7.714623	9.891991
7.716623	9.891991
7.718623	9.891991
7.720623	9.891991
7.722623	9.891991
7.724623	9.891991
7.726623	9.891991
7.728622	9.891991
7.730622	9.891991
7.732622	9.891991
7.734622	9.891991
7.736622	9.891991
7.738622	9.891991
7.740622	9.891991
7.742621	9.891991
7.744621	9.891991
7.746621	9.891991
7.748621	9.891991
7.750621	9.891991
7.752621	9.891991
7.754621	9.891991
7.756620	9.891991
7.758620	9.891991
7.760620	9.891991
7.762620	9.891991
7.764620	9.891991
7.766620	9.891991
7.768620	9.891991
7.770619	9.891991
7.772619	9.891991
7.774619	9.891991
7.776619	9.891991
7.778619	9.891991
7.780619	9.891991
7.782619	9.891991
7.784618	9.891991
7.786618	9.891991
7.788618	9.891991
7.790618	9.891991
7.792618	9.891991
7.794618	9.891991
7.796618	9.891991
7.798617	9.891991
7.800617	9.891991
7.802617	9.891991
7.804617	9.891991
7.806617	9.891991
7.808617	9.891991
7.810616	9.891991
7.812616	9.891991
7.814616	9.891991
7.816616	9.891991
7.818616	9.891991
7.820616	9.891991
7.822616	9.891991
7.824615	9.891991
7.826615	9.891991
7.828615	9.891991
7.830615	9.891991
7.832615	9.891991
7.834615	9.891991
7.836615	9.891991
7.838614	9.891991
7.840614	9.891991
7.842614	9.891991
7.844614	9.891991
7.846614	9.891991
7.848614	9.891991
7.850614	9.891991
7.852613	9.891991
7.854613	9.891991
7.856613	9.891991
7.858613	9.891991
7.860613	9.891991
7.862613	9.891991
7.864613	9.891991
7.866612	9.891991
7.868612	9.891991
7.870612	9.891991
7.872612	9.891991
7.874612	9.891991
7.876612	9.891991
7.878612	9.891991
7.880611	9.891991
7.882611	9.891991
7.884611	9.891991
7.886611	9.891991
7.888611	9.891991
7.890611	9.891991
7.892611	9.891991
7.894610	9.891991
7.896610	9.891991
7.898610	9.891991
7.900610	9.891991
7.902610	9.891991
7.904610	9.891991
7.906610	9.891991
7.908609	9.891991
7.910609	9.891991
7.912609	9.891991
7.914609	9.891991
7.916609	9.891991
7.918609	9.891991
7.920609	9.891991
7.922608	9.891991
7.924608	9.891991
7.926608	9.891991
7.928608	9.891991
7.930608	9.891991
7.932608	9.891991
7.934608	9.891991
7.936607	9.891991
7.938607	9.891991
7.940607	9.891991
7.942607	9.891991
7.944607	9.891991
7.946607	9.891991
7.948606	9.891991
7.950606	9.891991
7.952606	9.891991
7.954606	9.891991
7.956606	9.891991
7.958606	9.891991
7.960606	9.891991
7.962605	9.891991
7.964605	9.891991
7.966605	9.891991
7.968605	9.891991
7.970605	9.891991
7.972605	9.891991
7.974605	9.891991
7.976604	9.891991
7.978604	9.891991
7.980604	9.891991
7.982604	9.891991
7.984604	9.891991
7.986604	9.891991
7.988604	9.891991
7.990603	9.891991
7.992603	9.891991
7.994603	9.891991
7.996603	9.891991
7.998603	9.891991
8.000603	9.891991
8.002604	9.891991
8.004604	9.891991
8.006605	9.891991
8.008606	9.891991
8.010607	9.891991
8.012608	9.891991
8.014608	9.891991
8.016609	9.891991
8.018610	9.891991
8.020611	9.891991
8.022612	9.891991
8.024612	9.891991
8.026613	9.891991
8.028614	9.891991
8.030615	9.891991
8.032616	9.891991
8.034616	9.891991
8.036617	9.891991
8.038618	9.891991
8.040619	9.891991
8.042620	9.891991
8.044621	9.891991
8.046621	9.891991
8.048622	9.891991
8.050623	9.891991
8.052624	9.891991
8.054625	9.891991
8.056625	9.891991
8.058626	9.891991
8.060627	9.891991
8.062628	9.891991
8.064629	9.891991
8.066629	9.891991
8.068630	9.891991
8.070631	9.891991
8.072632	9.891991
8.074633	9.891991
8.076633	9.891991
8.078634	9.891991
8.080635	9.891991
8.082636	9.891991
8.084637	9.891991
8.086637	9.891991
8.088638	9.891991
8.090639	9.891991
8.092640	9.891991
8.094641	9.891991
8.096642	9.891991
8.098642	9.891991
8.100643	9.891991
8.102644	9.891991
8.104645	9.891991
8.106646	9.891991
8.108646	9.891991
8.110647	9.891991
8.112648	9.891991
8.114649	9.891991
8.116650	9.891991
8.118650	9.891991
8.120651	9.891991
8.122652	9.891991
8.124653	9.891991
8.126654	9.891991
8.128654	9.891991
8.130655	9.891991
8.132656	9.891991
8.134657	9.891991
8.136658	9.891991
8.138659	9.891991
8.140659	9.891991
8.142660	9.891991
8.144661	9.891991
8.146662	9.891991
8.148663	9.891991
8.150663	9.891991
8.152664	9.891991
8.154665	9.891991
8.156666	9.891991
8.158667	9.891991
8.160667	9.891991
8.162668	9.891991
8.164669	9.891991
8.166670	9.891991
8.168671	9.891991
8.170671	9.891991
8.172672	9.891991
8.174673	9.891991
8.176674	9.891991
8.178675	9.891991
8.180676	9.891991
8.182676	9.891991
8.184677	9.891991
8.186678	9.891991
8.188679	9.891991
8.190680	9.891991
8.192680	9.891991
8.194681	9.891991
8.196682	9.891991
8.198683	9.891991
8.200684	9.891991
8.202684	9.891991
8.204685	9.891991
8.206686	9.891991
8.208687	9.891991
8.210688	9.891991
8.212688	9.891991
8.214689	9.891991
8.216690	9.891991
8.218691	9.891991
8.220692	9.891991
8.222692	9.891991
8.224693	9.891991
8.226694	9.891991
8.228695	9.891991
8.230696	9.891991
8.232697	9.891991
8.234697	9.891991
8.236698	9.891991
8.238699	9.891991
8.240700	9.891991
8.242701	9.891991
8.244701	9.891991
8.246702	9.891991
8.248703	9.891991
8.250704	9.891991
8.252705	9.891991
8.254705	9.891991
8.256706	9.891991
8.258707	9.891991
8.260708	9.891991
8.262709	9.891991
8.264709	9.891991
8.266710	9.891991
8.268711	9.891991
8.270712	9.891991
8.272713	9.891991
8.274714	9.891991
8.276714	9.891991
8.278715	9.891991
8.280716	9.891991
8.282717	9.891991
8.284718	9.891991
8.286718	9.891991
8.288719	9.891991
8.290720	9.891991
8.292721	9.891991
8.294722	9.891991
8.296722	9.891991
8.298723	9.891991
8.300724	9.891991
8.302725	9.891991
8.304726	9.891991
8.306726	9.891991
8.308727	9.891991
8.310728	9.891991
8.312729	9.891991
8.314730	9.891991
8.316730	9.891991
8.318731	9.891991
8.320732	9.891991
8.322733	9.891991
8.324734	9.891991
8.326735	9.891991
8.328735	9.891991
8.330736	9.891991
8.332737	9.891991
8.334738	9.891991
8.336739	9.891991
8.338739	9.891991
8.340740	9.891991
8.342741	9.891991
8.344742	9.891991
8.346743	9.891991
8.348743	9.891991
8.350744	9.891991
8.352745	9.891991
8.354746	9.891991
8.356747	9.891991
8.358747	9.891991
8.360748	9.891991
8.362749	9.891991
8.364750	9.891991
8.366751	9.891991
8.368752	9.891991
8.370752	9.891991
8.372753	9.891991
8.374754	9.891991
8.376755	9.891991
8.378756	9.891991
8.380756	9.891991
8.382757	9.891991
8.384758	9.891991
8.386759	9.891991
8.388760	9.891991
8.390760	9.891991
8.392761	9.891991
8.394762	9.891991
8.396763	9.891991
8.398764	9.891991
8.400764	9.891991
8.402765	9.891991
8.404766	9.891991
8.406767	9.891991
8.408768	9.891991
8.410769	9.891991
8.412769	9.891991
8.414770	9.891991
8.416771	9.891991
8.418772	9.891991
8.420773	9.891991
8.422773	9.891991
8.424774	9.891991
8.426775	9.891991
8.428776	9.891991
8.430777	9.891991
8.432777	9.891991
8.434778	9.891991
8.436779	9.891991
8.438780	9.891991
8.440781	9.891991
8.442781	9.891991
8.444782	9.891991
8.446783	9.891991
8.448784	9.891991
8.450785	9.891991
8.452785	9.891991
8.454786	9.891991
8.456787	9.891991
8.458788	9.891991
8.460789	9.891991
8.462790	9.891991
8.464790	9.891991
8.466791	9.891991
8.468792	9.891991
8.470793	9.891991
8.472794	9.891991
8.474794	9.891991
8.476795	9.891991
8.478796	9.891991
8.480797	9.891991
8.482798	9.891991
8.484798	9.891991
8.486799	9.891991
8.488800	9.891991
8.490801	9.891991
8.492802	9.891991
8.494802	9.891991
8.496803	9.891991
8.498804	9.891991
8.500805	9.891991
8.502806	9.891991
8.504807	9.891991
8.506807	9.891991
8.508808	9.891991
8.510809	9.891991
8.512810	9.891991
8.514811	9.891991
8.516811	9.891991
8.518812	9.891991
8.520813	9.891991
8.522814	9.891991
8.524815	9.891991
8.526815	9.891991
8.528816	9.891991
8.530817	9.891991
8.532818	9.891991
8.534819	9.891991
8.536819	9.891991
8.538820	9.891991
8.540821	9.891991
8.542822	9.891991
8.544823	9.891991
8.546824	9.891991
8.548824	9.891991
8.550825	9.891991
8.552826	9.891991
8.554827	9.891991
8.556828	9.891991
8.558828	9.891991
8.560829	9.891991
8.562830	9.891991
8.564831	9.891991
8.566832	9.891991
8.568832	9.891991
8.570833	9.891991
8.572834	9.891991
8.574835	9.891991
8.576836	9.891991
8.578836	9.891991
8.580837	9.891991
8.582838	9.891991
8.584839	9.891991
8.586840	9.891991
8.588840	9.891991
8.590841	9.891991
8.592842	9.891991
8.594843	9.891991
8.596844	9.891991
8.598845	9.891991
8.600845	9.891991
8.602846	9.891991
8.604847	9.891991
8.606848	9.891991
8.608849	9.891991
8.610849	9.891991
8.612850	9.891991
8.614851	9.891991
8.616852	9.891991
8.618853	9.891991
8.620853	9.891991
8.622854	9.891991
8.624855	9.891991
8.626856	9.891991
8.628857	9.891991
8.630857	9.891991
8.632858	9.891991
8.634859	9.891991
8.636860	9.891991
8.638861	9.891991
8.640862	9.891991
8.642862	9.891991
8.644863	9.891991
8.646864	9.891991
8.648865	9.891991
8.650866	9.891991
8.652866	9.891991
8.654867	9.891991
8.656868	9.891991
8.658869	9.891991
8.660870	9.891991
8.662870	9.891991
8.664871	9.891991
8.666872	9.891991
8.668873	9.891991
8.670874	9.891991
8.672874	9.891991
8.674875	9.891991
8.676876	9.891991
8.678877	9.891991
8.680878	9.891991
8.682878	9.891991
8.684879	9.891991
8.686880	9.891991
8.688881	9.891991
8.690882	9.891991
8.692883	9.891991
8.694883	9.891991
8.696884	9.891991
8.698885	9.891991
8.700886	9.891991
8.702887	9.891991
8.704887	9.891991
8.706888	9.891991
8.708889	9.891991
8.710890	9.891991
8.712891	9.891991
8.714891	9.891991
8.716892	9.891991
8.718893	9.891991
8.720894	9.891991
8.722895	9.891991
8.724895	9.891991
8.726896	9.891991
8.728897	9.891991
8.730898	9.891991
8.732899	9.891991
8.734900	9.891991
8.736900	9.891991
8.738901	9.891991
8.740902	9.891991
8.742903	9.891991
8.744904	9.891991
8.746904	9.891991
8.748905	9.891991
8.750906	9.891991
8.752907	9.891991
8.754908	9.891991
8.756908	9.891991
8.758909	9.891991
8.760910	9.891991
8.762911	9.891991
8.764912	9.891991
8.766912	9.891991
8.768913	9.891991
8.770914	9.891991
8.772915	9.891991
8.774916	9.891991
8.776917	9.891991
8.778917	9.891991
8.780918	9.891991
8.782919	9.891991
8.784920	9.891991
8.786921	9.891991
8.788921	9.891991
8.790922	9.891991
8.792923	9.891991
8.794924	9.891991
8.796925	9.891991
8.798925	9.891991
8.800926	9.891991
8.802927	9.891991
8.804928	9.891991
8.806929	9.891991
8.808929	9.891991
8.810930	9.891991
8.812931	9.891991
8.814932	9.891991
8.816933	9.891991
8.818933	9.891991
8.820934	9.891991
8.822935	9.891991
8.824936	9.891991
8.826937	9.891991
8.828938	9.891991
8.830938	9.891991
8.832939	9.891991
8.834940	9.891991
8.836941	9.891991
8.838942	9.891991
8.840942	9.891991
8.842943	9.891991
8.844944	9.891991
8.846945	9.891991
8.848946	9.891991
8.850946	9.891991
8.852947	9.891991
8.854948	9.891991
8.856949	9.891991
8.858950	9.891991
8.860950	9.891991
8.862951	9.891991
8.864952	9.891991
8.866953	9.891991
8.868954	9.891991
8.870955	9.891991
8.872955	9.891991
8.874956	9.891991
8.876957	9.891991
8.878958	9.891991
8.880959	9.891991
8.882959	9.891991
8.884960	9.891991
8.886961	9.891991
8.888962	9.891991
8.890963	9.891991
8.892963	9.891991
8.894964	9.891991
8.896965	9.891991
8.898966	9.891991
8.900967	9.891991
8.902967	9.891991
8.904968	9.891991
8.906969	9.891991
8.908970	9.891991
8.910971	9.891991
8.912971	9.891991
8.914972	9.891991
8.916973	9.891991
8.918974	9.891991
8.920975	9.891991
8.922976	9.891991
8.924976	9.891991
8.926977	9.891991
8.928978	9.891991
8.930979	9.891991
8.932980	9.891991
8.934980	9.891991
8.936981	9.891991
8.938982	9.891991
8.940983	9.891991
8.942984	9.891991
8.944984	9.891991
8.946985	9.891991
8.948986	9.891991
8.950987	9.891991
8.952988	9.891991
8.954988	9.891991
8.956989	9.891991
8.958990	9.891991
8.960991	9.891991
8.962992	9.891991
8.964993	9.891991
8.966993	9.891991
8.968994	9.891991
8.970995	9.891991
8.972996	9.891991
8.974997	9.891991
8.976997	9.891991
8.978998	9.891991
8.980999	9.891991
8.983000	9.891991
8.985001	9.891991
8.987001	9.891991
8.989002	9.891991
8.991003	9.891991
8.993004	9.891991
8.995005	9.891991
8.997005	9.891991
8.999006	9.891991
9.001007	9.891991
9.003008	9.891991
9.005009	9.891991
9.007010	9.891991
9.009010	9.891991
9.011011	9.891991
9.013012	9.891991
9.015013	9.891991
9.017014	9.891991
9.019014	9.891991
9.021015	9.891991
9.023016	9.891991
9.025017	9.891991
9.027018	9.891991
9.029018	9.891991
9.031019	9.891991
9.033020	9.891991
9.035021	9.891991
9.037022	9.891991
9.039022	9.891991
9.041023	9.891991
9.043024	9.891991
9.045025	9.891991
9.047026	9.891991
9.049026	9.891991
9.051027	9.891991
9.053028	9.891991
9.055029	9.891991
9.057030	9.891991
9.059031	9.891991
9.061031	9.891991
9.063032	9.891991
9.065033	9.891991
9.067034	9.891991
9.069035	9.891991
9.071035	9.891991
9.073036	9.891991
9.075037	9.891991
9.077038	9.891991
9.079039	9.891991
9.081039	9.891991
9.083040	9.891991
9.085041	9.891991
9.087042	9.891991
9.089043	9.891991
9.091043	9.891991
9.093044	9.891991
9.095045	9.891991
9.097046	9.891991
9.099047	9.891991
9.101048	9.891991
9.103048	9.891991
9.105049	9.891991
9.107050	9.891991
9.109051	9.891991
9.111052	9.891991
9.113052	9.891991
9.115053	9.891991
9.117054	9.891991
9.119055	9.891991
9.121056	9.891991
9.123056	9.891991
9.125057	9.891991
9.127058	9.891991
9.129059	9.891991
9.131060	9.891991
9.133060	9.891991
9.135061	9.891991
9.137062	9.891991
9.139063	9.891991
9.141064	9.891991
9.143064	9.891991
9.145065	9.891991
9.147066	9.891991
9.149067	9.891991
9.151068	9.891991
9.153069	9.891991
9.155069	9.891991
9.157070	9.891991
9.159071	9.891991
9.161072	9.891991
9.163073	9.891991
9.165073	9.891991
9.167074	9.891991
9.169075	9.891991
9.171076	9.891991
9.173077	9.891991
9.175077	9.891991
9.177078	9.891991
9.179079	9.891991
9.181080	9.891991
9.183081	9.891991
9.185081	9.891991
9.187082	9.891991
9.189083	9.891991
9.191084	9.891991
9.193085	9.891991
9.195086	9.891991
9.197086	9.891991
9.199087	9.891991
9.201088	9.891991
9.203089	9.891991
9.205090	9.891991
9.207090	9.891991
9.209091	9.891991
9.211092	9.891991
9.213093	9.891991
9.215094	9.891991
9.217094	9.891991
9.219095	9.891991
9.221096	9.891991
9.223097	9.891991
9.225098	9.891991
9.227098	9.891991
9.229099	9.891991
9.231100	9.891991
9.233101	9.891991
9.235102	9.891991
9.237103	9.891991
9.239103	9.891991
9.241104	9.891991
9.243105	9.891991
9.245106	9.891991
9.247107	9.891991
9.249107	9.891991
9.251108	9.891991
9.253109	9.891991
9.255110	9.891991
9.257111	9.891991
9.259111	9.891991
9.261112	9.891991
9.263113	9.891991
9.265114	9.891991
9.267115	9.891991
9.269115	9.891991
9.271116	9.891991
9.273117	9.891991
9.275118	9.891991
9.277119	9.891991
9.279119	9.891991
9.281120	9.891991
9.283121	9.891991
9.285122	9.891991
9.287123	9.891991
9.289124	9.891991
9.291124	9.891991
9.293125	9.891991
9.295126	9.891991
9.297127	9.891991
9.299128	9.891991
9.301128	9.891991
9.303129	9.891991
9.305130	9.891991
9.307131	9.891991
9.309132	9.891991
9.311132	9.891991
9.313133	9.891991
9.315134	9.891991
9.317135	9.891991
9.319136	9.891991
9.321136	9.891991
9.323137	9.891991
9.325138	9.891991
9.327139	9.891991
9.329140	9.891991
9.331141	9.891991
9.333141	9.891991
9.335142	9.891991
9.337143	9.891991
9.339144	9.891991
9.341145	9.891991
9.343145	9.891991
9.345146	9.891991
9.347147	9.891991
9.349148	9.891991
9.351149	9.891991
9.353149	9.891991
9.355150	9.891991
9.357151	9.891991
9.359152	9.891991
9.361153	9.891991
9.363153	9.891991
9.365154	9.891991
9.367155	9.891991
9.369156	9.891991
9.371157	9.891991
9.373158	9.891991
9.375158	9.891991
9.377159	9.891991
9.379160	9.891991
9.381161	9.891991
9.383162	9.891991
9.385162	9.891991
9.387163	9.891991
9.389164	9.891991
9.391165	9.891991
9.393166	9.891991
9.395166	9.891991
9.397167	9.891991
9.399168	9.891991
9.401169	9.891991
9.403170	9.891991
9.405170	9.891991
9.407171	9.891991
9.409172	9.891991
9.411173	9.891991
9.413174	9.891991
9.415174	9.891991
9.417175	9.891991
9.419176	9.891991
9.421177	9.891991
9.423178	9.891991
9.425179	9.891991
9.427179	9.891991
9.429180	9.891991
9.431181	9.891991
9.433182	9.891991
9.435183	9.891991
9.437183	9.891991
9.439184	9.891991
9.441185	9.891991
9.443186	9.891991
9.445187	9.891991
9.447187	9.891991
9.449188	9.891991
9.451189	9.891991
9.453190	9.891991
9.455191	9.891991
9.457191	9.891991
9.459192	9.891991
9.461193	9.891991
9.463194	9.891991
9.465195	9.891991
9.467196	9.891991
9.469196	9.891991
9.471197	9.891991
9.473198	9.891991
9.475199	9.891991
9.477200	9.891991
9.479200	9.891991
9.481201	9.891991
9.483202	9.891991
9.485203	9.891991
9.487204	9.891991
9.489204	9.891991
9.491205	9.891991
9.493206	9.891991
9.495207	9.891991
9.497208	9.891991
9.499208	9.891991
9.501209	9.891991
9.503210	9.891991
9.505211	9.891991
9.507212	9.891991
9.509212	9.891991
9.511213	9.891991
9.513214	9.891991
9.515215	9.891991
9.517216	9.891991
9.519217	9.891991
9.521217	9.891991
9.523218	9.891991
9.525219	9.891991
9.527220	9.891991
9.529221	9.891991
9.531221	9.891991
9.533222	9.891991
9.535223	9.891991
9.537224	9.891991
9.539225	9.891991
9.541225	9.891991
9.543226	9.891991
9.545227	9.891991
9.547228	9.891991
9.549229	9.891991
9.551229	9.891991
9.553230	9.891991
9.555231	9.891991
9.557232	9.891991
9.559233	9.891991
9.561234	9.891991
9.563234	9.891991
9.565235	9.891991
9.567236	9.891991
9.569237	9.891991
9.571238	9.891991
9.573238	9.891991
9.575239	9.891991
9.577240	9.891991
9.579241	9.891991
9.581242	9.891991
9.583242	9.891991
9.585243	9.891991
9.587244	9.891991
9.589245	9.891991
9.591246	9.891991
9.593246	9.891991
9.595247	9.891991
9.597248	9.891991
9.599249	9.891991
9.601250	9.891991
9.603251	9.891991
9.605251	9.891991
9.607252	9.891991
9.609253	9.891991
9.611254	9.891991
9.613255	9.891991
9.615255	9.891991
9.617256	9.891991
9.619257	9.891991
9.621258	9.891991
9.623259	9.891991
9.625259	9.891991
9.627260	9.891991
9.629261	9.891991
9.631262	9.891991
9.633263	9.891991
9.635263	9.891991
9.637264	9.891991
9.639265	9.891991
9.641266	9.891991
9.643267	9.891991
9.645267	9.891991
9.647268	9.891991
9.649269	9.891991
9.651270	9.891991
9.653271	9.891991
9.655272	9.891991
9.657272	9.891991
9.659273	9.891991
9.661274	9.891991
9.663275	9.891991
9.665276	9.891991
9.667276	9.891991
9.669277	9.891991
9.671278	9.891991
9.673279	9.891991
9.675280	9.891991
9.677280	9.891991
9.679281	9.891991
9.681282	9.891991
9.683283	9.891991
9.685284	9.891991
9.687284	9.891991
9.689285	9.891991
9.691286	9.891991
9.693287	9.891991
9.695288	9.891991
9.697289	9.891991
9.699289	9.891991
9.701290	9.891991
9.703291	9.891991
9.705292	9.891991
9.707293	9.891991
9.709293	9.891991
9.711294	9.891991
9.713295	9.891991
9.715296	9.891991
9.717297	9.891991
9.719297	9.891991
9.721298	9.891991
9.723299	9.891991
9.725300	9.891991
9.727301	9.891991
9.729301	9.891991
9.731302	9.891991
9.733303	9.891991
9.735304	9.891991
9.737305	9.891991
9.739305	9.891991
9.741306	9.891991
9.743307	9.891991
9.745308	9.891991
9.747309	9.891991
9.749310	9.891991
9.751310	9.891991
9.753311	9.891991
9.755312	9.891991
9.757313	9.891991
9.759314	9.891991
9.761314	9.891991
9.763315	9.891991
9.765316	9.891991
9.767317	9.891991
9.769318	9.891991
9.771318	9.891991
9.773319	9.891991
9.775320	9.891991
9.777321	9.891991
9.779322	9.891991
9.781322	9.891991
9.783323	9.891991
9.785324	9.891991
9.787325	9.891991
9.789326	9.891991
9.791327	9.891991
9.793327	9.891991
9.795328	9.891991
9.797329	9.891991
9.799330	9.891991
9.801331	9.891991
9.803331	9.891991
9.805332	9.891991
9.807333	9.891991
9.809334	9.891991
9.811335	9.891991
9.813335	9.891991
9.815336	9.891991
9.817337	9.891991
9.819338	9.891991
9.821339	9.891991
9.823339	9.891991
9.825340	9.891991
9.827341	9.891991
9.829342	9.891991
9.831343	9.891991
9.833344	9.891991
9.835344	9.891991
9.837345	9.891991
9.839346	9.891991
9.841347	9.891991
9.843348	9.891991
9.845348	9.891991
9.847349	9.891991
9.849350	9.891991
9.851351	9.891991
9.853352	9.891991
9.855352	9.891991
9.857353	9.891991
9.859354	9.891991
9.861355	9.891991
9.863356	9.891991
9.865356	9.891991
9.867357	9.891991
9.869358	9.891991
9.871359	9.891991
9.873360	9.891991
9.875360	9.891991
9.877361	9.891991
9.879362	9.891991
9.881363	9.891991
9.883364	9.891991
9.885365	9.891991
9.887365	9.891991
9.889366	9.891991
9.891367	9.891991
9.893368	9.891991
9.895369	9.891991
9.897369	9.891991
9.899370	9.891991
9.901371	9.891991
9.903372	9.891991
9.905373	9.891991
9.907373	9.891991
9.909374	9.891991
9.911375	9.891991
9.913376	9.891991
9.915377	9.891991
9.917377	9.891991
9.919378	9.891991
9.921379	9.891991
9.923380	9.891991
9.925381	9.891991
9.927382	9.891991
9.929382	9.891991
9.931383	9.891991
9.933384	9.891991
9.935385	9.891991
9.937386	9.891991
9.939386	9.891991
9.941387	9.891991
9.943388	9.891991
9.945389	9.891991
9.947390	9.891991
9.949390	9.891991
9.951391	9.891991
9.953392	9.891991
9.955393	9.891991
9.957394	9.891991
9.959394	9.891991
9.961395	9.891991
9.963396	9.891991
9.965397	9.891991
9.967398	9.891991
9.969398	9.891991
9.971399	9.891991
9.973400	9.891991
9.975401	9.891991
9.977402	9.891991
9.979403	9.891991
9.981403	9.891991
9.983404	9.891991
9.985405	9.891991
9.987406	9.891991
9.989407	9.891991
9.991407	9.891991
9.993408	9.891991
9.995409	9.891991
9.997410	9.891991
9.999411	9.891991
