Re	Im
-0.000006	0.000000
0.000198	-0.016886
0.000835	-0.033776
0.001870	-0.050697
0.003302	-0.067587
0.005169	-0.084471
0.007456	-0.101366
0.010192	-0.118253
0.013329	-0.135186
0.016868	-0.152143
0.020830	-0.169082
0.025252	-0.185987
0.030133	-0.202948
0.035406	-0.219928
0.041087	-0.236928
0.047234	-0.253888
0.053833	-0.270891
0.060938	-0.287840
0.068541	-0.304990
0.076469	-0.322108
0.084844	-0.339098
0.093998	-0.356238
0.103304	-0.373454
0.113169	-0.390525
0.123687	-0.407701
0.134666	-0.424973
0.146117	-0.442260
0.158127	-0.459608
0.170630	-0.476918
0.183753	-0.494327
0.197453	-0.511757
0.211674	-0.529303
0.226521	-0.546913
0.241944	-0.564510
0.258062	-0.582187
0.274808	-0.599950
0.292213	-0.617839
0.310286	-0.635775
0.329062	-0.653789
0.348643	-0.671918
0.368893	-0.690041
0.389933	-0.708540
0.411866	-0.726889
0.434463	-0.745591
0.458029	-0.764289
0.482597	-0.783171
0.508026	-0.802259
0.534453	-0.821624
0.561822	-0.841092
0.590370	-0.860476
0.620069	-0.880367
0.650806	-0.900424
0.682866	-0.920824
0.716286	-0.941443
0.751092	-0.962327
0.787230	-0.983519
0.824900	-1.005214
0.864251	-1.027115
0.905295	-1.049560
0.948094	-1.072300
0.993114	-1.095432
1.039784	-1.119674
1.088667	-1.143830
1.140372	-1.168719
1.194848	-1.194694
1.251164	-1.221004
1.311026	-1.248124
1.373911	-1.276314
1.440133	-1.305355
1.510329	-1.335505
1.584531	-1.366842
1.663057	-1.399350
1.746624	-1.433384
1.835413	-1.468922
1.930346	-1.506437
2.031628	-1.545791
2.140228	-1.587209
2.257023	-1.631373
2.382945	-1.678368
2.519071	-1.728473
2.666968	-1.782052
2.827810	-1.839319
3.003890	-1.902460
3.197788	-1.970032
3.411461	-2.044847
3.649403	-2.127020
3.915613	-2.218211
4.215085	-2.320082
4.555433	-2.434921
4.945499	-2.565643
5.396969	-2.716736
5.926580	-2.892853
6.556617	-3.101065
7.318692	-3.352254
8.260430	-3.661819
9.454608	-4.053122
11.019652	-4.564449
13.160438	-5.263240
16.271475	-6.276934
21.207394	-7.883100
30.248688	-10.823397
52.193615	-17.956579
183.821243	-60.730911
-123.278564	39.054962
-46.492329	14.103827
-28.766069	8.342450
-20.882145	5.778941
-16.422153	4.328522
-13.551541	3.394747
-11.548169	2.742422
-10.069366	2.261209
-8.932387	1.891181
-8.030269	1.597459
-7.296404	1.358457
-6.687565	1.160274
-6.173851	0.993491
-5.734349	0.850634
-5.353512	0.727113
-5.020205	0.619265
-4.725987	0.524425
-4.463781	0.440125
-4.229451	0.364582
-4.017754	0.295799
-3.825130	0.235035
-3.650254	0.178796
-3.488728	0.128434
-3.340979	0.081895
-3.204438	0.039401
-3.077671	-0.000046
-2.959535	-0.036402
-2.849933	-0.069922
-2.746138	-0.101264
-2.649339	-0.130132
-2.558408	-0.157120
-2.472406	-0.182454
-2.391152	-0.205885
-2.313989	-0.227855
-2.241111	-0.248700
-2.171426	-0.267839
-2.105096	-0.286001
-2.041819	-0.302931
-1.981245	-0.319204
-1.923305	-0.334101
-1.867258	-0.347522
-1.815552	-0.360648
-1.763692	-0.373165
-1.714885	-0.385121
-1.667107	-0.395843
-1.621162	-0.406213
-1.577073	-0.415574
-1.534646	-0.424519
-1.493292	-0.432924
-1.453255	-0.440865
-1.414466	-0.448185
-1.377036	-0.454884
-1.340687	-0.461190
-1.305418	-0.467129
-1.271019	-0.472583
-1.237539	-0.477439
-1.205233	-0.481879
-1.173555	-0.486100
-1.142866	-0.490111
-1.112673	-0.493420
-1.083286	-0.496454
-1.054656	-0.498609
-1.027565	-0.501086
-1.000621	-0.503246
-0.973897	-0.505140
-0.947883	-0.506611
-0.922058	-0.506882
-0.897841	-0.508471
-0.873684	-0.508985
-0.850131	-0.509431
-0.827284	-0.509702
-0.804417	-0.509178
-0.782185	-0.509031
-0.760485	-0.507794
-0.739200	-0.507223
-0.718461	-0.505940
-0.698232	-0.504633
-0.678305	-0.503767
-0.658718	-0.500957
-0.639568	-0.499070
-0.620924	-0.497167
-0.602347	-0.494459
-0.584601	-0.491615
-0.566784	-0.489045
-0.549467	-0.486493
-0.532556	-0.482250
-0.515954	-0.479208
-0.499729	-0.475507
-0.482753	-0.472306
-0.467908	-0.467905
-0.452968	-0.463994
-0.437724	-0.459628
-0.422866	-0.455287
-0.408435	-0.450763
-0.394573	-0.445814
-0.380606	-0.441064
-0.367025	-0.436103
-0.352924	-0.431011
-0.340521	-0.425683
-0.328131	-0.420376
-0.315757	-0.414537
-0.303367	-0.409316
-0.291486	-0.403242
-0.280078	-0.397358
-0.268491	-0.391406
-0.257269	-0.385155
-0.246496	-0.378827
-0.235880	-0.372565
-0.225865	-0.365937
-0.215669	-0.359533
-0.205678	-0.353439
-0.196052	-0.346067
-0.186538	-0.339090
-0.177913	-0.332483
-0.169151	-0.324202
-0.160685	-0.317021
-0.151588	-0.310398
-0.143429	-0.303443
-0.135149	-0.295629
-0.127503	-0.288076
-0.120430	-0.280614
-0.113124	-0.272759
-0.105919	-0.265101
-0.099270	-0.256998
-0.092820	-0.249318
-0.086362	-0.241157
-0.080113	-0.233059
-0.073672	-0.225867
-0.069585	-0.217521
-0.063178	-0.208946
-0.058102	-0.200441
-0.053548	-0.191889
-0.048335	-0.183700
-0.043743	-0.175388
-0.039457	-0.166755
-0.035438	-0.158375
-0.031698	-0.149682
-0.027876	-0.141385
-0.024581	-0.132367
-0.021568	-0.123814
-0.018509	-0.115124
-0.015805	-0.106277
-0.013195	-0.097627
-0.011177	-0.088507
-0.009315	-0.079912
-0.006955	-0.070894
-0.005066	-0.062080
-0.004302	-0.053590
-0.002607	-0.044484
-0.001871	-0.035632
-0.000963	-0.026825
-0.000326	-0.017839
-0.000097	-0.008971
0.000000	0.000000
