0.000000
0.951057
0.587785
-0.587785
-0.951057
0.000000
0.951056
0.587785
-0.587785
-0.951056
0.000000
0.951056
0.587786
-0.587785
-0.951056
0.000001
0.951056
0.587785
-0.587786
-0.951057
0.000000
0.951056
0.587785
-0.587786
-0.951057
0.000000
0.951056
0.587784
-0.587785
-0.951057
0.000001
0.951057
0.587786
-0.587787
-0.951056
-0.000001
0.951057
0.587785
-0.587785
-0.951057
0.000001
0.951056
0.587787
-0.587786
-0.951057
-0.000001
0.951057
0.587785
-0.587784
-0.951056
0.000000
0.951056
0.587787
-0.587782
-0.951056
0.000001
0.951057
0.587786
-0.587784
-0.951058
0.000003
0.951057
0.587785
-0.587785
-0.951057
-0.000003
0.951058
0.587784
-0.587786
-0.951057
-0.000001
0.951056
0.587782
-0.587787
-0.951056
0.000000
0.951056
0.587787
-0.587782
-0.951056
0.000001
0.951057
0.587786
-0.587784
-0.951058
0.000003
0.951057
0.587785
-0.587785
-0.951057
-0.000003
0.951058
0.587784
-0.587786
-0.951057
-0.000001
0.951056
0.587782
-0.587787
-0.951056
0.000000
0.951056
0.587787
-0.587782
-0.951058
-0.000006
0.951054
0.587780
-0.587790
-0.951055
0.000003
0.951057
0.587785
-0.587785
-0.951057
-0.000003
0.951055
0.587790
-0.587780
-0.951054
0.000006
0.951058
0.587782
-0.587787
-0.951056
0.000000
0.951056
0.587787
-0.587782
-0.951058
-0.000006
0.951054
0.587780
-0.587790
-0.951055
0.000003
0.951057
0.587785
-0.587785
-0.951057
-0.000003
0.951055
0.587790
-0.587780
-0.951054
0.000006
0.951058
0.587782
-0.587787
-0.951056
0.000000
0.951056
0.587787
-0.587782
-0.951058
-0.000006
0.951054
0.587780
-0.587790
-0.951055
0.000003
0.951057
0.587785
-0.587785
-0.951057
-0.000003
0.951055
0.587790
-0.587780
-0.951054
0.000006
0.951058
0.587782
-0.587787
-0.951056
0.000000
0.951056
0.587787
-0.587782
-0.951058
-0.000006
0.951054
0.587780
-0.587790
-0.951055
0.000003
0.951057
0.587785
-0.587785
-0.951057
-0.000003
0.951055
0.587790
-0.587780
-0.951054
0.000006
0.951058
0.587782
-0.587787
-0.951056
0.000000
0.951056
0.587787
-0.587782
-0.951058
-0.000006
0.951054
0.587792
-0.587777
-0.951060
-0.000012
0.951052
0.587797
-0.587797
-0.951052
0.000012
0.951060
0.587777
-0.587792
-0.951054
0.000006
0.951058
0.587782
-0.587787
-0.951056
0.000000
0.951056
0.587787
-0.587782
-0.951058
-0.000006
0.951054
0.587792
-0.587777
-0.951060
-0.000012
0.951052
0.587797
-0.587797
-0.951052
0.000012
0.951060
0.587777
-0.587792
-0.951054
0.000006
0.951058
0.587782
-0.587787
-0.951056
0.000000
0.951056
0.587787
-0.587782
-0.951058
-0.000006
0.951054
0.587792
-0.587777
-0.951060
-0.000012
0.951052
0.587797
-0.587797
-0.951052
0.000012
0.951060
0.587777
-0.587792
-0.951054
0.000006
0.951058
0.587782
-0.587787
-0.951056
0.000000
0.951056
0.587787
-0.587782
-0.951058
-0.000006
0.951054
0.587792
-0.587777
-0.951060
-0.000012
0.951052
0.587797
-0.587797
-0.951052
0.000012
0.951060
0.587777
-0.587792
-0.951054
0.000006
0.951058
0.587782
-0.587787
-0.951056
0.000000
0.951056
0.587787
-0.587782
-0.951058
-0.000006
0.951054
0.587792
-0.587777
-0.951060
-0.000012
0.951052
0.587797
-0.587797
-0.951052
0.000012
0.951060
0.587777
-0.587792
-0.951054
0.000006
0.951058
0.587782
-0.587787
-0.951056
0.000000
0.951056
0.587787
-0.587782
-0.951058
-0.000006
0.951054
0.587792
-0.587777
-0.951060
-0.000012
0.951052
0.587797
-0.587797
-0.951052
0.000012
0.951060
0.587777
-0.587792
-0.951054
0.000006
0.951058
0.587782
-0.587787
-0.951056
0.000000
0.951056
0.587787
-0.587782
-0.951058
-0.000006
0.951054
0.587792
-0.587777
-0.951060
-0.000012
0.951052
0.587797
-0.587797
-0.951052
0.000012
0.951060
0.587777
-0.587792
-0.951054
0.000006
0.951058
0.587782
-0.587787
-0.951056
0.000000
0.951056
0.587787
-0.587782
-0.951058
-0.000006
0.951054
0.587792
-0.587777
-0.951060
-0.000012
0.951052
0.587797
-0.587797
-0.951052
0.000012
0.951060
0.587777
-0.587792
-0.951054
0.000006
0.951058
0.587782
-0.587787
-0.951056
0.000000
0.951065
0.587787
-0.587807
-0.951058
0.000024
0.951054
0.587768
-0.587777
-0.951051
-0.000012
0.951062
0.587797
-0.587797
-0.951062
0.000012
0.951051
0.587777
-0.587768
-0.951054
-0.000024
0.951058
0.587807
-0.587787
-0.951065
0.000000
0.951065
0.587787
-0.587807
-0.951058
0.000024
0.951054
0.587768
-0.587777
-0.951051
-0.000012
0.951062
0.587797
-0.587797
-0.951062
0.000012
0.951051
0.587777
-0.587768
-0.951054
-0.000024
0.951058
0.587807
-0.587787
-0.951065
0.000000
0.951065
0.587787
-0.587807
-0.951058
0.000024
0.951054
0.587768
-0.587777
-0.951051
-0.000012
0.951062
0.587797
-0.587797
-0.951062
0.000012
0.951051
0.587777
-0.587768
-0.951054
-0.000024
0.951058
0.587807
-0.587787
-0.951065
0.000000
0.951065
0.587787
-0.587807
-0.951058
0.000024
0.951054
0.587768
-0.587777
-0.951051
-0.000012
0.951062
0.587797
-0.587797
-0.951062
0.000012
0.951051
0.587777
-0.587768
-0.951054
-0.000024
0.951058
0.587807
-0.587787
-0.951065
0.000000
0.951065
0.587787
-0.587807
-0.951058
0.000024
0.951054
0.587768
-0.587777
-0.951051
-0.000012
0.951062
