0.0
0.9510565
-0.58778554
-0.58778495
0.9510567
-2.3849761E-8
-0.95105624
0.5877857
0.5877841
-0.9510563
4.7699523E-8
0.95105624
-0.58778656
-0.58778334
0.9510569
-7.154928E-8
-0.95105565
0.58778656
0.58778644
-0.9510563
9.5399045E-8
0.95105624
-0.58778656
-0.58778334
0.9510575
-3.933946E-6
-0.95105505
0.58778965
0.5877833
-0.9510563
1.4309856E-7
0.95105624
-0.5877897
-0.5877833
0.9510575
-3.9816455E-6
-0.95105743
0.5877897
0.5877863
-0.9510587
1.9079809E-7
0.95105386
-0.5877867
-0.5877771
0.95105755
-4.0293453E-6
-0.95105505
0.5877836
0.5877801
-0.95105636
7.867892E-6
0.9510562
-0.5877929
-0.5877832
0.9510599
-4.0770447E-6
-0.951055
0.5877898
0.58778626
-0.95105875
2.8619712E-7
0.95105386
-0.58778673
-0.58777696
0.95105994
-4.124744E-6
-0.951055
0.58779603
0.58778006
-0.95105636
7.963291E-6
0.9510515
-0.5877806
-0.5877831
0.95105994
-1.9431232E-5
-0.9510574
0.5877899
0.58777386
-0.95105875
3.8159618E-7
0.9510538
-0.58779913
-0.58778924
0.9510576
-1.1849538E-5
-0.9510503
0.58778375
0.58778
-0.9510611
8.058691E-6
0.9510561
-0.587793
-0.5877707
0.9510552
-4.2678425E-6
-0.9510526
0.5878023
0.58778614
-0.9510588
1.5735784E-5
0.9510538
-0.58778685
-0.58777684
0.9510623
3.3138522E-6
-0.95105493
0.58779615
0.58776754
-0.9510564
8.154089E-6
0.9510514
-0.5877931
-0.587783
0.95106
-1.9622032E-5
-0.9510573
0.58779
0.5877737
-0.9510635
5.7239424E-7
0.95105374
-0.5877993
-0.5877644
0.9510576
-1.2040336E-5
-0.9510502
0.5877962
0.5877675
-0.9510565
8.249488E-6
0.95105606
-0.5877932
-0.5877705
0.9510647
-1.971743E-5
-0.95105255
0.5877901
0.58778596
-0.9510636
1.5926582E-5
0.95105374
-0.5878117
-0.5877643
0.95105296
-1.2135735E-5
-0.9510549
0.58780867
0.5877674
-0.9510612
3.8862465E-5
0.95105606
-0.5877809
-0.58777046
0.95106006
-4.55404E-6
-0.9510478
0.5878025
0.58777356
-0.95105886
7.6319236E-7
0.951049
-0.58779943
-0.5877766
0.95106715
-2.7489923E-5
-0.9510596
0.5877964
0.58777964
-0.95106596
2.3699076E-5
0.9510513
-0.587818
-0.58778274
0.95105535
-1.9908228E-5
-0.9510525
0.58779025
0.5877611
-0.95106363
1.6117381E-5
0.9510537
-0.5877872
-0.5877642
0.95106244
-1.2326533E-5
-0.9510454
0.5878088
0.5877919
-0.95106125
8.535685E-6
0.9510466
-0.58780575
-0.5877703
0.95106953
-4.744838E-6
-0.9510572
0.58780265
0.5877734
-0.9510589
3.147157E-5
0.9510489
-0.5877996
-0.5877764
0.95105773
-2.768072E-5
-0.9510501
0.58779657
0.58775485
-0.951066
-6.6277044E-6
0.95105124
-0.58779347
-0.5877579
0.9510648
-2.0099025E-5
-0.951043
0.5877904
0.58778566
-0.9510637
1.6308179E-5
0.9510536
-0.587812
-0.587764
0.9510625
-1.2517331E-5
-0.95105475
0.58780897
0.58776706
-0.9510613
3.9244063E-5
0.9510465
-0.5877812
-0.58777016
0.9510602
-3.5453213E-5
-0.95104766
0.5878028
0.5877485
-0.951059
1.1447885E-6
0.95104885
-0.5877998
-0.5877763
0.95106727
-2.787152E-5
-0.95104057
0.5877967
0.58777934
-0.9510661
2.4080671E-5
0.95106065
-0.5878183
-0.58778244
0.9510649
-2.0289825E-5
-0.95104295
0.5878152
0.5877855
-0.95106375
1.6498976E-5
0.9510441
-0.5877875
-0.58773917
0.95106256
-1.2708129E-5
-0.9510453
0.5877844
0.58774227
-0.95106137
3.943486E-5
0.95104647
-0.58780605
-0.58777
0.95106024
-6.616159E-5
-0.9510571
0.5878277
0.5877484
-0.95106846
3.1853164E-5
0.9510488
-0.5877999
-0.5877761
0.95107675
2.455261E-6
-0.9510405
0.58782154
0.5878039
-0.95106614
2.427147E-5
0.9510511
-0.58779377
-0.5877329
0.9510744
1.0036956E-5
-0.9510429
0.5878154
0.5877606
-0.9510638
7.772493E-5
0.9510535
-0.5877876
-0.58773905
0.9510532
-4.3416505E-5
-0.9510452
0.58780926
0.58776677
-0.9510614
9.10808E-6
0.9510558
-0.5878309
-0.58779454
0.9510697
-3.583481E-5
-0.95104754
0.5878031
0.5877729
-0.95107794
1.5263847E-6
0.9510393
-0.58782476
-0.58775127
0.9510674
-2.8253115E-5
-0.9510499
0.587797
0.5877297
-0.9510568
5.4979846E-5
0.95104164
-0.58776927
-0.5877574
0.951065
-2.067142E-5
-0.95105225
0.58784026
0.58773583
-0.9510544
4.7398153E-5
0.95104396
-0.5878125
-0.58776355
0.9510815
-1.3089725E-5
-0.9510546
0.5878341
0.5877913
-0.95107096
3.9816456E-5
0.95104635
-0.58780634
-0.5877697
0.95106035
-5.5080304E-6
-0.95103806
0.5877786
0.58774805
-0.9510686
3.2234762E-5
0.9510487
-0.5878002
-0.5877265
0.951058
-5.896149E-5
-0.9510404
0.58782184
0.5877542
-0.95106626
2.4653065E-5
0.951051
-0.5878435
-0.58778197
0.95107454
-5.1379797E-5
-0.9510616
0.5878157
0.5877603
-0.95106393
1.707137E-5
0.9510345
-0.58783734
-0.5877881
0.95107216
-4.37981E-5
-0.9510451
0.58780956
0.5877171
-0.95106155
9.489676E-6
0.9510369
-0.58778185
-0.58774483
0.95106983
-3.6216406E-5
-0.9510474
0.58785284
0.5877726
-0.9510592
6.294314E-5
0.9510392
-0.58782506
-0.587751
0.9510675
-2.8634711E-5
-0.9510498
0.5878467
0.58777875
-0.95107573
5.536144E-5
0.9510415
-0.5878189
-0.5877571
0.9510651
-2.1053016E-5
-0.9510333
0.5877912
0.5877355
-0.9510734
-1.3255409E-5
0.95104384
-0.5878128
-0.58776325
0.9510628
-7.4506475E-5
-0.9510356
0.58778507
0.5877416
-0.9510711
4.019805E-5
0.9510462
-0.58785605
-0.5877694
0.9510605
-6.692478E-5
-0.95105684
0.5878283
0.58774775
-0.9510687
3.2616357E-5
0.9510297
-0.58780056
-0.5877755
0.951077
-5.934309E-5
-0.95104027
0.58782214
0.5877539
-0.9510664
2.5034662E-5
0.95103204
-0.5877944
-0.58773226
0.95107466
-5.176139E-5
-0.95104265
0.587816
0.58776003
-0.95106405
7.848813E-5
0.95105326
-0.58783764
-0.5877384
0.95105344
-4.41797E-5
-0.951045
0.5878099
0.5877662
-0.95108056
7.0906426E-5
0.9510556
-0.5878315
-0.58774453
0.95106995
-3.6598E-5
-0.95102847
0.5878038
0.5877723
-0.9510782
2.289577E-6
0.9510391
-0.58782536
-0.5877507
0.9510676
-9.0051464E-5
-0.9510497
0.58779764
0.58772904
-0.95107585
5.574304E-5
0.9510414
-0.58786863
-0.5877568
0.95106524
-8.246977E-5
-0.951052
0.58784086
0.5877352
-0.9510735
4.8161342E-5
0.9510437
-0.5877637
-0.58771354
0.95108175
-1.3852918E-5
-0.95105433
0.5878841
0.5877413
-0.9510712
4.057965E-5
0.9510461
