0.000000
0.904827
-0.770513
-0.248690
0.982287
-0.587786
-0.481753
0.998027
-0.368124
-0.684547
0.951057
-0.125333
-0.844327
0.844328
0.125334
-0.951056
0.684547
0.368124
-0.998027
0.481754
0.587784
-0.982287
0.248690
0.770513
-0.904828
-0.000001
0.904827
-0.770514
-0.248692
0.982287
-0.587786
-0.481752
0.998027
-0.368124
-0.684546
0.951057
-0.125332
-0.844328
0.844329
0.125335
-0.951055
0.684547
0.368127
-0.998027
0.481753
0.587788
-0.982288
0.248689
0.770510
-0.904828
-0.000002
0.904825
-0.770513
-0.248693
0.982287
-0.587785
-0.481757
0.998027
-0.368123
-0.684544
0.951057
-0.125331
-0.844326
0.844328
0.125336
-0.951056
0.684547
0.368128
-0.998027
0.481752
0.587782
-0.982287
0.248687
0.770511
-0.904827
-0.000003
0.904826
-0.770513
-0.248694
0.982289
-0.587791
-0.481750
0.998027
-0.368122
-0.684551
0.951059
-0.125339
-0.844327
0.844327
0.125338
-0.951059
0.684553
0.368121
-0.998027
0.481751
0.587790
-0.982289
0.248695
0.770512
-0.904827
-0.000004
0.904830
-0.770518
-0.248686
0.982287
-0.587783
-0.481759
0.998027
-0.368130
-0.684545
0.951056
-0.125329
-0.844332
0.844332
0.125329
-0.951056
0.684545
0.368130
-0.998026
0.481759
0.587784
-0.982287
0.248685
0.770518
-0.904830
0.000004
0.904827
-0.770511
-0.248696
0.982286
-0.587790
-0.481752
0.998027
-0.368120
-0.684553
0.951059
-0.125337
-0.844328
0.844326
0.125340
-0.951054
0.684551
0.368123
-0.998027
0.481749
0.587792
-0.982289
0.248693
0.770513
-0.904826
-0.000007
0.904823
-0.770517
-0.248688
0.982288
-0.587781
-0.481761
0.998026
-0.368110
-0.684533
0.951061
-0.125345
-0.844323
0.844331
0.125332
-0.951057
0.684543
0.368133
-0.998027
0.481740
0.587770
-0.982290
0.248701
0.770508
-0.904829
0.000001
0.904828
-0.770510
-0.248698
0.982290
-0.587773
-0.481738
0.998028
-0.368135
-0.684541
0.951058
-0.125335
-0.844329
0.844325
0.125342
-0.951060
0.684536
0.368108
-0.998026
0.481764
0.587779
-0.982288
0.248691
0.770515
-0.904825
-0.000009
0.904832
-0.770503
-0.248672
0.982284
-0.587794
-0.481747
0.998027
-0.368126
-0.684549
0.951055
-0.125324
-0.844335
0.844319
0.125315
-0.951052
0.684555
0.368117
-0.998026
0.481755
0.587787
-0.982286
0.248681
0.770521
-0.904820
0.000018
0.904821
-0.770520
-0.248682
0.982286
-0.587786
-0.481756
0.998026
-0.368116
-0.684556
0.951052
-0.125351
-0.844320
0.844334
0.125326
-0.951055
0.684548
0.368127
-0.998027
0.481745
0.587796
-0.982284
0.248707
0.770504
-0.904832
0.000007
0.904825
-0.770514
-0.248693
0.982288
-0.587777
-0.481765
0.998026
-0.368141
-0.684537
0.951060
-0.125341
-0.844326
0.844328
0.125336
-0.951058
0.684540
0.368137
-0.998028
0.481769
0.587774
-0.982289
0.248697
0.770511
-0.904827
-0.000003
0.904830
-0.770507
-0.248703
0.982290
-0.587799
-0.481741
0.998027
-0.368131
-0.684544
0.951057
-0.125330
-0.844331
0.844323
0.125346
-0.951062
0.684560
0.368112
-0.998026
0.481760
0.587782
-0.982287
0.248687
0.770517
-0.904823
-0.000013
0.904834
-0.770524
-0.248677
0.982285
-0.587791
-0.481751
0.998027
-0.368121
-0.684552
0.951053
-0.125320
-0.844337
0.844337
0.125357
-0.951053
0.684525
0.368121
-0.998024
0.481751
0.587761
-0.982285
0.248713
0.770524
-0.904834
-0.000024
0.904823
-0.770494
-0.248687
0.982280
-0.587782
-0.481727
0.998026
-0.368147
-0.684560
0.951062
-0.125309
-0.844323
0.844311
0.125330
-0.951045
0.684544
0.368096
-0.998027
0.481774
0.587799
-0.982290
0.248666
0.770507
-0.904814
0.000003
0.904811
-0.770511
-0.248661
0.982289
-0.587804
-0.481769
0.998028
-0.368102
-0.684540
0.951047
-0.125336
-0.844308
0.844326
0.125303
-0.951060
0.684564
0.368141
-0.998026
0.481732
0.587777
-0.982281
0.248693
0.770490
-0.904825
0.000030
0.904832
-0.770528
-0.248707
0.982284
-0.587765
-0.481745
0.998025
-0.368127
-0.684520
0.951055
-0.125363
-0.844334
0.844340
0.125351
-0.951052
0.684529
0.368116
-0.998029
0.481756
0.587756
-0.982286
0.248719
0.770520
-0.904837
-0.000018
0.904820
-0.770497
-0.248681
0.982293
-0.587787
-0.481722
0.998026
-0.368152
-0.684555
0.951064
-0.125315
-0.844319
0.844315
0.125324
-0.951066
0.684549
0.368091
-0.998027
0.481780
0.587794
-0.982291
0.248672
0.770503
-0.904816
0.000009
0.904841
-0.770515
-0.248655
0.982288
-0.587809
-0.481764
0.998028
-0.368108
-0.684536
0.951049
-0.125342
-0.844345
0.844329
0.125297
-0.951058
0.684568
0.368135
-0.998025
0.481738
0.587773
-0.982283
0.248698
0.770534
-0.904828
0.000036
0.904829
-0.770532
-0.248701
0.982283
-0.587770
-0.481740
0.998025
-0.368133
-0.684571
0.951057
-0.125369
-0.844331
0.844343
0.125345
-0.951050
0.684533
0.368110
-0.998028
0.481761
0.587811
-0.982288
0.248724
0.770517
-0.904839
-0.000012
0.904818
-0.770501
-0.248675
0.982292
-0.587792
-0.481782
0.998027
-0.368158
-0.684551
0.951065
-0.125321
-0.844316
0.844318
0.125318
-0.951064
0.684553
0.368155
-0.998027
0.481785
0.587790
-0.982293
0.248678
0.770499
-0.904819
0.000015
0.904838
-0.770518
-0.248722
0.982287
-0.587814
-0.481759
0.998029
-0.368113
-0.684531
0.951051
-0.125348
