0.0
0.904827
-0.77051336
-0.24868935
0.98228717
-0.5877855
-0.48175272
0.9980267
-0.36812532
-0.6845473
0.9510567
-0.12533271
-0.84432673
0.8443285
0.12533322
-0.95105624
0.6845483
0.36812225
-0.9980268
0.48175395
0.58778435
-0.9822869
0.24868886
0.770511
-0.9048289
1.3987644E-6
0.9048261
-0.7705152
-0.24868985
0.9822871
-0.5877866
-0.48175147
0.9980269
-0.3681284
-0.6845435
0.9510583
-0.1253322
-0.84432805
0.8443282
0.12533182
-0.9510558
0.68454933
0.36812803
-0.99802643
0.48175183
0.5877863
-0.9822886
0.24869022
0.77050763
-0.9048279
2.7975289E-6
0.9048255
-0.7705161
-0.24869218
0.9822861
-0.58778465
-0.48175362
0.9980268
-0.36812615
-0.6845397
0.95105755
-0.1253298
-0.84432524
0.844331
0.12532665
-0.9510542
0.68455315
0.3681303
-0.99802613
0.4817497
0.5877759
-0.9822867
0.24868788
0.7705141
-0.9048269
3.8159618E-7
0.9048265
-0.77051455
-0.24868713
0.98228943
-0.5877889
-0.48174903
0.9980271
-0.368131
-0.68455255
0.95105916
-0.12534255
-0.84432244
0.84432566
0.12533662
-0.9510573
0.68455696
0.36811125
-0.9980267
0.48175427
0.58778405
-0.98229057
0.24869293
0.77051073
-0.9048291
5.5950577E-6
0.9048308
-0.7705178
-0.24868208
0.98228556
-0.5877808
-0.48175785
0.99802744
-0.36813584
-0.68453765
0.95105606
-0.12533258
-0.84432787
0.8443366
0.12533145
-0.9510557
0.6845496
0.36812058
-0.9980255
0.48175883
0.5877798
-0.98228866
0.2486832
0.7705171
-0.9048313
1.080852E-5
0.9048221
-0.77051145
-0.24867705
0.9822846
-0.5877973
-0.4817399
0.99802774
-0.36811233
-0.6845561
0.9510624
-0.12535289
-0.84433323
0.8443231
0.12534142
-0.9510494
0.68456453
0.36812994
-0.998027
0.48175004
0.5877879
-0.98228675
0.24868825
0.7705138
-0.90482706
7.6319236E-7
0.9048264
-0.7705148
-0.24868678
0.9822865
-0.5877892
-0.4817487
0.99802715
-0.36810297
-0.68451893
0.9510593
-0.12534292
-0.84432226
0.84433407
0.1253211
-0.9510525
0.6845572
0.36813927
-0.9980277
0.48174122
0.58777136
-0.9822906
0.24870807
0.7705008
-0.90483576
2.1235443E-5
0.90483063
-0.77050835
-0.24869649
0.98228836
-0.5877811
-0.48173076
0.9980284
-0.36815038
-0.68452626
0.9510562
-0.12533297
-0.8443276
0.84432864
0.12533107
-0.9510556
0.68454987
0.36809185
-0.99802446
0.48175916
0.5877795
-0.9822887
0.24869834
0.77050716
-0.90483147
1.1190115E-5
0.9048349
-0.770502
-0.24867667
0.98228455
-0.58779764
-0.48173955
0.9980278
-0.36814106
-0.6845336
0.9510531
-0.125323
-0.844333
0.8443233
0.12531076
-0.95104927
0.6845648
0.3681012
-0.9980251
0.48175037
0.5877876
-0.9822869
0.24868862
0.77051353
-0.9048272
3.1662366E-5
0.90481323
-0.77053446
-0.2486864
0.9822864
-0.5877895
-0.48174837
0.99802715
-0.3681317
-0.6845409
0.95105
-0.12537359
-0.844322
0.84433424
0.12532072
-0.95105237
0.6845575
0.36811054
-0.9980257
0.48174158
0.5877958
-0.98228496
0.24870844
0.7705005
-0.9048359
2.161704E-5
0.9048175
-0.7705281
-0.24869613
0.9822883
-0.58780605
-0.48173043
0.99802464
-0.36815074
-0.68452597
0.9510657
-0.12536362
-0.84431106
0.8443452
0.1253004
-0.95104605
0.68452793
0.36814827
-0.9980283
0.48178625
0.5877545
-0.9822945
0.24872828
0.7704874
-0.90481865
-1.8945866E-5
0.90483475
-0.7705022
-0.24870586
0.9822902
-0.5878226
-0.4817125
0.9980297
-0.36811304
-0.68455553
0.9510532
-0.12532337
-0.8443328
0.84432346
0.12534066
-0.95105857
0.68458736
0.36812922
-0.99802697
0.4817507
0.58778733
-0.98228693
0.24868898
0.7705133
-0.90482736
1.5263847E-6
0.90482605
-0.77051526
-0.24868603
0.98228633
-0.5877898
-0.48174804
0.9980272
-0.36813205
-0.6845406
0.9510595
-0.12534368
-0.84432185
0.8443344
0.12532035
-0.95105225
0.6845133
0.36811018
-0.9980219
0.48176864
0.58777076
-0.98229074
0.24870881
0.77050024
-0.90483606
-3.903652E-5
0.90481734
-0.7704894
-0.2486662
0.9822825
-0.58780634
-0.4817301
0.99802846
-0.3681511
-0.6845702
0.95106584
-0.12530345
-0.8443109
0.8443127
0.12530003
-0.95104593
0.6845727
0.36809117
-0.9980283
0.48178658
0.5878036
-0.9822946
0.24866952
0.7704872
-0.9048188
4.2470885E-5
0.90480864
-0.77050245
-0.24864636
0.9822901
-0.5878229
-0.48176563
0.99802977
-0.36811337
-0.68451077
0.9510533
-0.12532376
-0.8442999
0.8443237
0.12527972
-0.95105845
0.6845876
0.36812887
-0.99802315
0.48175105
0.58778703
-0.982287
0.24868935
0.77047414
-0.90482754
6.294314E-5
0.90482587
-0.7705544
-0.24868566
0.9822863
-0.58779013
-0.4817477
0.9980272
-0.3681324
-0.68449587
0.95105964
-0.12540461
-0.8443216
0.84433466
0.12531997
-0.9510521
0.68455803
0.36810982
-0.99802953
0.48176897
0.58772105
-0.9822908
0.24870919
0.7705
-0.90483624
2.238023E-5
0.90481716
-0.77048963
-0.24866582
0.9822939
-0.58780664
-0.48172975
0.9980285
-0.36815146
-0.68452543
0.95106596
-0.12530382
-0.84431064
0.8443129
0.12529966
-0.95106465
0.684573
0.3680908
-0.9980244
0.4817869
0.5878033
-0.9822947
0.2486699
0.77048695
-0.90481895
4.2852484E-5
0.90483445
-0.7705416
-0.248646
0.98229
-0.5878232
-0.4817653
0.99802977
-0.36811373
-0.68451047
0.95105344
-0.12538469
-0.8443324
0.8443239
0.12527935
-0.9510583
0.6845879
0.3681285
-0.9980231
0.48175138
0.5877373
-0.98228705
0.24868973
0.7705128
-0.90482765
6.332473E-5
0.90482575
-0.77055466
-0.24868529
0.9822748
-0.5877904
-0.48174736
0.9980272
-0.36813277
-0.6845401
0.95105976
-0.125405
-0.8443214
0.84436756
0.12531959
-0.951052
0.68455833
0.3681095
-0.99802566
0.48176932
0.5878195
-0.9822909
0.24876867
0.77049977
-0.9048364
2.2761827E-5
0.904817
-0.7705288
-0.24866547
0.9822938
-0.587807
-0.4817829
0.9980285
-0.3681518
-0.68452513
0.9510661
-0.12536475
-0.84431046
0.84431314
0.12529927
-0.9510645
0.68457323
0.3681472
-0.99802434
0.48178726
0.5877536
-0.98229474
0.24867027
0.7704867
-0.90481913
4.323408E-5
0.9048343
-0.77054185
-0.24870475
0.9822785
-0.58782357
-0.48176497
0.9980298
-0.36811408
-0.68451023
0.9510724
-0.12538506
